###################################################################
# Scaling factors supplied by Silvia Piantelli to normalise E789
# light output to 2nd campaign light output: for alphas
# Currently this has been done for the 52 MeV/u data
###################################################################
RunList:          15000-45999 83000-127999
SignalIn:			TotLight
SignalOut:			ScaledTotLight
CalibType:			CsILightScaling
CalibOptions:		func=(x-[2])*[0]+[1],min=0,max=50000
ZRange:           2
CSI_0601: 1, 0, 0
CSI_0602: 0.95, 0, 0
CSI_0604: 1.525, 607.5, 741.261
CSI_0605: 1.15, 0, 0
CSI_0606: 1, 0, 0
CSI_0607: 0.825, 0, 0
CSI_0608: 1.075, 0, 0
CSI_0610: 1.25, 0, 0
CSI_0611: 1.75, 159.241, 140.616
CSI_0613: 1.225, 0, 0
CSI_0614: 1.25, 0, 0
CSI_0615: 1, 0, 0
CSI_0616: 1.175, 0, 0
CSI_0617: 1.025, 0, 0
CSI_0618: 0.9, 0, 0
CSI_0619: 1, 0, 0
CSI_0620: 1.075, 0, 0
CSI_0621: 0.675, 0, 0
CSI_0623: 1.85, 0, 0
CSI_0624: 0.775, 0, 0
CSI_0701: 0.85, 0, 0
CSI_0702: 1.775, 0, 0
CSI_0703: 1, 0, 0
CSI_0704: 1, 0, 0
CSI_0705: 0.7, 0, 0
CSI_0706: 1.175, 0, 0
CSI_0707: 0.8, 0, 0
CSI_0708: 0.8, 0, 0
CSI_0709: 1.125, 0, 0
CSI_0710: 1.275, 0, 0
CSI_0711: 1.9, 0, 0
CSI_0712: 0.8, 50.5193, 155.999
CSI_0713: 0.9, 0, 0
CSI_0714: 1, 0, 0
CSI_0715: 1, 0, 0
CSI_0716: 1.575, 0, 0
CSI_0717: 2.35, 54.6239, 111.411
CSI_0718: 0.425, 47.4928, 215.115
CSI_0719: 2.175, 42.8367, 89.3983
CSI_0720: 1.35, 0, 0
CSI_0721: 1, 0, 0
CSI_0722: 1, 0, 0
CSI_0723: 0.9, 0, 0
CSI_0724: 0.875, 0, 0
CSI_0801: 1.55, 0, 0
CSI_0802: 1.1, 0, 0
CSI_0803: 1, 0, 0
CSI_0804: 1, 0, 0
CSI_0805: 1, 0, 0
CSI_0806: 1.125, 0, 0
CSI_0807: 1.55, 0, 0
CSI_0808: 1, 0, 0
CSI_0810: 1.25, 0, 0
CSI_0811: 0.875, 0, 0
CSI_0812: 1.675, 117.335, 112.679
CSI_0813: 1.15, 0, 0
CSI_0814: 1, 0, 0
CSI_0815: 1, 0, 0
CSI_0816: 1.1, 0, 0
CSI_0818: 0.85, 0, 0
CSI_0819: 0.825, 0, 0
CSI_0820: 1.2, 0, 0
CSI_0821: 1.775, 0, 0
CSI_0822: 1, 0, 0
CSI_0823: 1.075, 38.1805, 142.083
CSI_0824: 1, 0, 0
CSI_0901: 1, 0, 0
CSI_0902: 1.425, 147.5, 38.1805
CSI_0903: 1, 0, 0
CSI_0904: 1.675, 0, 0
CSI_0905: 1.25, 0, 0
CSI_0906: 1, 0, 0
CSI_0907: 2.125, 56.8051, 38.1805
CSI_0908: 2.025, 0, 0
CSI_0909: 1, 0, 0
CSI_0910: 1.725, 66.1175, 201.146
CSI_0911: 1.55, 0, 0
CSI_0912: 1.65, 0, 0
CSI_0913: 1.925, 0, 0
CSI_0914: 2.375, 61.4613, 117.335
CSI_0915: 1, 0, 0
CSI_0916: 0.7, 0, 0
CSI_0917: 1.7, 0, 0
CSI_0918: 1.525, 0, 0
CSI_0919: 1.6, 0, 0
CSI_0920: 1.925, 0, 0
CSI_0921: 1.925, 0, 0
CSI_0922: 1, 0, 0
CSI_0923: 2.15, 38.1805, 121.991
CSI_0924: 2.225, 61.4613, 38.1805
CSI_1001: 2.8, 159.241, 47.4928
CSI_1003: 2.4, 191.834, 66.1175
CSI_1004: 1.425, 191.834, 66.1175
CSI_1005: 1.875, 163.897, 42.8367
CSI_1006: 1.8, 266.332, 61.4613
CSI_1007: 2, 191.834, 52.149
CSI_1008: 2.825, 233.739, 52.149
CSI_1009: 2.075, 173.209, 42.8367
CSI_1011: 1.575, 191.834, 56.8051
CSI_1012: 2.425, 149.928, 66.1175
CSI_1013: 1.575, 191.834, 56.8051
CSI_1014: 2.8, 187.178, 47.4928
CSI_1016: 1.95, 210.458, 52.149
CSI_1017: 1.525, 159.241, 52.149
CSI_1018: 3.5, 182.521, 52.149
CSI_1019: 2.525, 215.115, 42.8367
CSI_1020: 1.875, 168.553, 61.4613
CSI_1021: 1.475, 238.395, 56.8051
CSI_1022: 3.025, 225.817, 42.937
CSI_1023: 3.05, 149.928, 33.5243
CSI_1024: 2.8, 187.178, 47.4928
CSI_1101: 1.9, 201.146, 56.8051
CSI_1102: 5.55, 378.08, 66.1175
CSI_1104: 2.1, 168.553, 70.7736
CSI_1105: 0.775, 210.458, 70.7736
CSI_1106: 1.425, 191.834, 66.1175
CSI_1107: 0.675, 275.645, 89.3983
CSI_1108: 1.65, 210.458, 52.149
CSI_1109: 2.4, 387.393, 42.8367
CSI_1110: 1.75, 224.427, 66.1175
CSI_1111: 1.8, 140.616, 61.4613
CSI_1112: 2.225, 303.582, 70.7736
CSI_1113: 1.5, 270.989, 75.4298
CSI_1114: 0.9, 163.897, 66.1175
CSI_1115: 4.05, 277.937, 52.2923
CSI_1116: 1.95, 168.553, 52.149
CSI_1117: 2.225, 108.023, 61.4613
CSI_1118: 1.8, 252.364, 61.4613
CSI_1119: 2.1, 219.771, 42.8367
CSI_1120: 3.1, 215.115, 38.1805
CSI_1121: 1.225, 94.0544, 42.8367
CSI_1122: 1.6, 252.364, 61.4613
CSI_1123: 3.475, 326.862, 42.8367
CSI_1124: 1.875, 257.02, 52.149
CSI_1202: 2.4, 215.115, 84.7421
CSI_1203: 2.85, 210.458, 61.4613
CSI_1204: 2.3, 238.395, 103.367
CSI_1205: 1.125, 168.553, 94.0544
CSI_1206: 2.125, 182.521, 98.7106
CSI_1207: 0.8, 177.865, 168.553
CSI_1208: 0.85, 210.458, 168.553
CSI_1209: 1.625, 163.897, 75.4298
CSI_1210: 0.725, 173.209, 187.178
CSI_1211: 2.225, 168.553, 75.4298
CSI_1212: 1.75, 177.865, 94.0544
CSI_1213: 1.925, 182.521, 75.4298
CSI_1214: 1.225, 112.679, 75.4298
CSI_1215: 2.075, 196.49, 66.1175
CSI_1216: 2, 331.519, 61.4613
CSI_1217: 2.425, 280.301, 103.367
CSI_1218: 1.3, 154.585, 84.7421
CSI_1219: 1.475, 182.521, 70.7736
CSI_1220: 1.85, 182.521, 56.8051
CSI_1221: 1, 108.023, 75.4298
CSI_1222: 0.95, 98.7106, 66.1175
CSI_1223: 2.35, 210.458, 56.8051
CSI_1224: 2.05, 173.209, 52.149
CSI_1301: 1.1, 103.367, 66.1175
CSI_1302: 1.65, 331.519, 66.1175
CSI_1303: 1, 112.679, 62.1902
CSI_1304: 1.025, 112.679, 75.4298
CSI_1305: 0.775, 131.304, 94.0544
CSI_1306: 0.725, 121.991, 98.7106
CSI_1307: 1.3, 126.648, 89.3983
CSI_1308: 1.35, 135.96, 89.3983
CSI_1309: 0.7, 117.335, 98.7106
CSI_1310: 1, 121.991, 108.023
CSI_1311: 1.375, 135.96, 84.7421
CSI_1313: 0.975, 117.335, 121.991
CSI_1314: 0.8, 112.679, 112.679
CSI_1315: 0.95, 103.367, 66.1175
CSI_1316: 0.85, 108.023, 121.991
CSI_1317: 1.3, 112.679, 84.7421
CSI_1318: 0.675, 98.7106, 89.3983
CSI_1319: 1.025, 108.023, 103.367
CSI_1320: 0.9, 117.335, 112.679
CSI_1321: 0.875, 117.335, 112.679
CSI_1322: 1.125, 103.367, 75.4298
CSI_1323: 1.025, 103.367, 80.0859
CSI_1324: 0.9, 108.023, 70.7736
CSI_1401: 1.025, 103.367, 75.4298
CSI_1402: 1.1, 107.187, 69.0419
CSI_1403: 0.775, 100.141, 103.705
CSI_1404: 1.05, 112.679, 94.0544
CSI_1405: 0.85, 112.679, 84.7421
CSI_1406: 1.025, 108.023, 89.3983
CSI_1408: 1.025, 117.335, 80.0859
CSI_1409: 0.7, 103.367, 108.023
CSI_1410: 1.075, 103.367, 84.7421
CSI_1411: 0.95, 108.023, 66.1175
CSI_1412: 1.125, 89.3822, 61.4613
CSI_1413: 1, 112.679, 94.0544
CSI_1414: 1.075, 103.367, 70.7736
CSI_1415: 1.1, 111.628, 94.0544
CSI_1416: 0.875, 89.3983, 84.7421
CSI_1501: 1.475, 0, 0
CSI_1502: 1.3, 0, 0
CSI_1503: 0.95, 107.804, 66.4703
CSI_1504: 1, 187.178, 117.335
CSI_1505: 1.05, 99.7224, 86.4703
CSI_1506: 0.775, 146.143, 117.346
CSI_1507: 1.075, 182.521, 84.7421
CSI_1508: 1.275, 121.991, 108.023
CSI_1509: 0.75, 108.023, 80.0859
CSI_1510: 0.9, 117.335, 84.7421
CSI_1511: 1.1, 104.119, 58.1841
CSI_1512: 2.375, 102.751, 74.3839
CSI_1513: 0.975, 112.679, 66.1175
CSI_1514: 0.65, 112.679, 103.367
CSI_1515: 0.825, 104.699, 52.3872
CSI_1516: 1.8, 169.656, 63.6211
CSI_1602: 1.15, 109.169, 97.7077
CSI_1603: 0.8, 98.7106, 98.7106
CSI_1604: 1.05, 121.991, 89.3983
CSI_1605: 1, 112.679, 75.4298
CSI_1606: 0.8, 121.991, 89.3983
CSI_1607: 0.825, 117.335, 121.913
CSI_1608: 1.375, 110.947, 85.0251
