# ASCII file generated by KVIDZAGrid::WriteToAsciiFile
# ID Graph Name : ID_SI2_CSI_14
# This file can be read using KVIDZAGrid::ReadFromAsciiFile
# 
++KVIDZAGrid
<NAME> ID_SI2_CSI_14
<VARX> Q3.FPGAEnergy
<VARY> 1*Q2.FPGAEnergy
<PARAMETER> IDTelescopes=ID_SI2_CSI_14
<PARAMETER> Runlist=51000-76028
<PARAMETER> ManualWidth=0.400000
<PARAMETER> ManualWidthScaling=0.000000
+KVIDZALine
ID:Z=1 A=1
1	1
17
1.18236   25.3936
7.2229   22.2673
12.2097   20.0547
18.6444   17.5963
25.079   15.7115
38.7527   12.7205
52.2655   10.6718
75.4023   8.38831
98.5683   6.89991
140.791   5.24726
183.013   4.35956
239.808   3.54405
296.602   2.92549
381.047   2.20052
469.62   1.73761
619.219   1.26762
768.101   0.918495
+KVIDZALine
ID:Z=1 A=2
1	2
19
1.18236   34.4857
10.2122   28.893
19.2421   24.7365
31.7846   20.753
44.3272   18.0821
64.0587   14.9899
83.7903   12.7285
109.487   10.582
135.184   9.07607
174.8   7.55014
214.416   6.5744
275.068   5.41974
335.719   4.53826
404.606   3.84025
473.493   3.34962
568.505   2.81343
663.518   2.3832
851.884   1.74629
1040.25   1.2354
+KVIDZALine
ID:Z=1 A=3
1	3
21
0.286779   40.6118
7.28549   36.6282
14.2842   33.2217
23.8583   29.358
33.4324   26.2369
49.7398   22.1563
66.0472   19.1828
93.8855   15.5907
121.724   13.2288
152.315   11.4309
182.907   10.1268
226.101   8.7057
269.294   7.62021
317.708   6.68744
366.123   5.96214
438.425   5.11097
510.728   4.45566
646.697   3.56642
782.667   2.99931
999.329   2.45318
1215.99   1.90526
+KVIDZALine
ID:Z=2 A=3
2	3
23
1.96401   92.2514
8.61075   85.9765
15.2575   80.7353
28.165   72.8761
41.0726   67.0406
64.6578   58.6729
88.243   52.2564
118.284   45.9769
148.325   41.1735
187.299   36.315
226.273   32.5371
284.654   28.1686
343.035   24.8311
409.83   21.7506
476.625   19.2952
559.801   16.9811
642.977   15.2728
770.729   13.3471
898.48   11.8841
1071.22   10.1315
1243.96   8.60606
1487.72   7.00051
1731.47   6.24585
+KVIDZALine
ID:Z=2 A=4
2	4
23
1.36972   103.863
8.52724   96.133
15.6848   89.7573
29.53   80.4228
43.3752   73.6621
68.9053   64.0065
94.4354   56.7166
126.083   49.8965
157.732   44.729
199.967   39.3291
242.202   35.1358
307.247   30.2783
372.293   26.7325
446.855   23.5829
521.416   21.1047
617.156   18.6092
712.895   16.684
855.032   14.5308
997.17   12.9195
1186.62   11.191
1376.07   9.79411
1673.95   8.06281
1971.82   6.60803
+KVIDZALine
ID:Z=2 A=6
2	6
23
1.59089   120.603
11.1234   111.904
20.656   104.464
37.632   93.7673
54.6079   85.4731
86.2167   73.7779
117.825   65.3258
157.723   57.2611
197.62   51.125
250.54   44.8795
303.459   40.1601
382.613   34.9329
461.766   31.1128
553.202   27.6024
644.638   24.762
761.362   21.8749
878.087   19.6379
1053.42   17.1513
1228.75   15.3267
1467.4   13.3108
1706.05   11.6413
2068.19   9.53996
2430.33   7.64153
+KVIDCutLine
OK:PEDESTAL
above
15
5.76589   19.1321
14.5119   15.6921
23.2579   13.0275
38.8064   9.78794
54.3549   7.82143
78.9732   5.88558
103.592   4.7536
145.378   3.60111
187.164   2.8943
230.895   2.25564
274.625   1.71674
365.324   1.12085
456.024   1.03501
645.113   0.882655
849.448   0.23103
!
# ASCII file generated by KVIDZAGrid::WriteToAsciiFile
# ID Graph Name : ID_SI2_CSI_31
# This file can be read using KVIDZAGrid::ReadFromAsciiFile
# 
++KVIDZAGrid
<NAME> ID_SI2_CSI_31
<VARX> Q3.FPGAEnergy
<VARY> 1*Q2.FPGAEnergy
<PARAMETER> IDTelescopes=ID_SI2_CSI_31
<PARAMETER> Runlist=51000-76028
<PARAMETER> ManualWidth=0.400000
<PARAMETER> ManualWidthScaling=0.000000
+KVIDZALine
ID:Z=1 A=1
1	1
17
1.04835   29.8252
6.40421   26.1533
10.8258   23.5546
16.5311   20.6671
22.2364   18.4534
34.3602   14.9404
46.3414   12.5342
66.8557   9.85221
87.3959   8.10405
124.833   6.16298
162.269   5.12037
212.626   4.16254
262.983   3.43604
337.857   2.58455
416.39   2.04085
549.032   1.48884
681.04   1.07879
+KVIDZALine
ID:Z=1 A=2
1	2
19
1.04835   40.504
10.6286   33.4186
18.2915   29.0368
29.6367   24.4538
40.9818   21.3297
58.7956   17.7046
76.6095   15.0679
99.184   12.658
121.758   10.9524
156.118   9.13253
190.477   7.87192
244.072   6.3938
297.666   5.33026
358.745   4.50626
419.824   3.93418
504.068   3.30683
588.311   2.79911
755.327   2.04343
922.342   1.451
+KVIDZALine
ID:Z=1 A=3
1	3
21
0.254273   47.6992
7.49367   42.4107
12.6651   39.0194
21.154   34.4316
29.6429   30.8157
44.8644   26.0083
60.0859   22.6119
84.284   18.6109
108.483   15.7756
135.608   13.5564
162.734   11.971
200.752   10.2558
238.771   8.95006
281.697   7.84511
324.624   7.00262
388.732   6.00745
452.839   5.23324
573.397   4.18646
693.954   3.52274
882.766   2.77056
1078.16   2.23776
+KVIDZALine
ID:Z=2 A=3
2	3
23
1.30209   108.127
7.5909   99.5005
13.125   93.4299
24.4449   83.7777
35.7648   76.6149
56.6436   66.4167
77.5224   59.0574
103.684   52.0475
130.097   46.6536
164.559   41.0194
199.022   36.6082
250.088   31.4545
301.907   27.8732
360.267   24.5756
419.885   22.0425
495.1   19.4656
569.307   17.5003
683.261   15.1637
795.703   13.3729
949.651   11.473
1102.96   10.1079
1331.24   8.50861
1535.22   7.33585
+KVIDZALine
ID:Z=2 A=4
2	4
23
1.1445   122.02
8.15785   112.287
14.6622   105.684
26.8408   95.578
39.9783   87.1153
62.7043   75.7878
85.5271   66.9964
114.361   58.7575
143.372   52.6764
181.52   46.3138
219.668   41.3266
276.911   35.733
334.154   31.6456
399.059   27.9708
463.964   25.0494
548.154   22.1681
632.345   20.001
758.155   17.486
883.965   15.5067
1052.05   13.3074
1220.13   11.4993
1484.25   9.31187
1748.39   7.73127
+KVIDZALine
ID:Z=2 A=6
2	6
23
1.41057   141.651
9.86265   131.448
18.3147   122.695
33.3665   110.095
48.4183   100.389
76.8058   86.9153
105.194   77.3789
140.216   68.1016
175.239   60.7654
222.555   53.3433
269.87   47.8324
339.647   41.4389
409.426   36.5425
490.498   32.3022
571.571   29.0833
675.065   25.7382
778.559   23.065
934.015   20.1222
1089.47   18.0014
1301.08   15.6458
1512.67   13.6729
1833.77   11.1809
2154.86   8.9751
+KVIDCutLine
OK:PEDESTAL
above
15
5.11234   22.471
12.867   18.4306
20.6217   15.301
34.4078   11.4961
48.1939   9.18639
70.0219   6.9127
91.8499   5.58317
128.9   4.22956
165.95   3.3994
204.724   2.64928
243.497   2.01634
323.916   1.31646
404.335   1.21563
571.992   1.03669
753.166   0.271348
!
# ASCII file generated by KVIDZAGrid::WriteToAsciiFile
# ID Graph Name : ID_SI2_CSI_41
# This file can be read using KVIDZAGrid::ReadFromAsciiFile
# 
++KVIDZAGrid
<NAME> ID_SI2_CSI_41
<VARX> Q3.FPGAEnergy
<VARY> 1*Q2.FPGAEnergy
<PARAMETER> IDTelescopes=ID_SI2_CSI_41
<PARAMETER> Runlist=51000-76028
<PARAMETER> ManualWidth=0.400000
<PARAMETER> ManualWidthScaling=0.000000
+KVIDZALine
ID:Z=1 A=1
1	1
17
1.294   28.943
7.9049   25.3797
13.3626   22.8579
20.4049   20.0558
27.447   17.9076
42.4118   14.4985
57.2004   12.1634
82.5219   9.56079
108.435   7.93076
154.011   6.03902
200.294   4.96892
262.451   4.03942
324.608   3.3344
417.026   2.5081
513.962   1.98049
677.686   1.44481
840.626   1.04688
+KVIDZALine
ID:Z=1 A=2
1	2
19
1.294   39.3059
11.9359   32.9409
22.5777   28.1779
36.5814   23.7579
50.585   20.6988
72.5731   17.1669
94.5613   14.6222
122.425   12.2906
150.289   10.6284
192.7   8.84751
235.111   7.63908
302.042   6.31596
368.974   5.40438
444.241   4.60568
519.508   3.97065
623.006   3.31113
726.503   2.83561
932.487   2.1646
1138.47   1.40808
+KVIDZALine
ID:Z=1 A=3
1	3
21
0.313857   46.2883
7.97338   41.7578
15.6329   37.8652
26.111   33.4447
36.5891   29.9042
55.3775   25.22
74.1658   21.9431
104.034   18.0704
133.903   15.3089
167.385   13.1499
200.867   11.6169
248.288   9.9655
295.708   8.75542
349.875   7.78857
404.042   7.05863
482.792   6.08359
561.542   5.23133
710.333   4.16857
859.125   3.63896
1094.97   3.17983
1330.81   2.17157
+KVIDZALine
ID:Z=2 A=3
2	3
23
1.60721   104.929
9.36966   96.5573
16.2006   90.6664
30.173   81.2996
44.1454   74.3487
69.9168   64.4521
95.6881   57.3105
127.98   50.508
160.582   45.2736
203.12   39.8061
245.659   35.5254
308.69   30.5241
372.653   27.0487
444.688   23.8487
518.276   21.3905
611.115   18.8898
702.711   16.9827
843.368   14.7151
982.159   12.9773
1172.18   11.1337
1361.42   9.80896
1643.18   8.25694
1894.96   7.11886
+KVIDZALine
ID:Z=2 A=4
2	4
23
1.41269   118.411
10.0695   108.966
17.6487   102.327
33.0427   91.7566
48.4907   83.9191
76.8386   72.7471
105.35   64.6837
141.159   57.0195
176.968   51.1183
224.055   44.9439
271.143   40.1042
341.799   34.676
412.456   30.7095
492.57   27.1434
572.684   24.3084
676.602   21.5124
780.521   19.4094
935.812   16.9688
1091.1   15.048
1298.57   12.9138
1506.04   11.1591
1832.06   9.03643
2158.08   7.50259
+KVIDZALine
ID:Z=2 A=6
2	6
23
1.74111   137.461
12.1738   127.56
22.6064   119.065
41.1852   106.839
59.764   97.42
94.8036   84.3444
129.843   75.0901
173.073   66.0872
216.302   58.968
274.706   51.7655
333.108   46.4176
419.236   40.2132
505.366   35.4616
605.435   31.3467
705.506   28.223
833.252   24.9769
961.686   22.8857
1152.81   20.0303
1344.77   17.469
1605.96   15.183
1867.14   13.2685
2263.47   10.8502
2659.8   8.70962
+KVIDCutLine
OK:PEDESTAL
above
15
6.31031   21.8063
15.8821   17.8854
25.454   14.8484
42.4706   11.156
59.4871   8.91466
86.43   6.70823
113.373   5.41803
159.105   4.10446
204.837   3.29885
252.696   2.57092
300.555   1.9567
399.819   1.27752
499.082   1.17967
706.025   1.00603
929.654   0.263322
!
# ASCII file generated by KVIDZAGrid::WriteToAsciiFile
# ID Graph Name : ID_SI2_CSI_43
# This file can be read using KVIDZAGrid::ReadFromAsciiFile
# 
++KVIDZAGrid
<NAME> ID_SI2_CSI_43
<VARX> Q3.FPGAEnergy
<VARY> 1*Q2.FPGAEnergy
<PARAMETER> IDTelescopes=ID_SI2_CSI_43
<PARAMETER> Runlist=51000-76028
<PARAMETER> ManualWidth=0.400000
<PARAMETER> ManualWidthScaling=0.000000
+KVIDZALine
ID:Z=1 A=1
1	1
17
1.42988   27.8053
8.73496   24.3821
14.7657   21.9594
22.5475   19.2675
30.3291   17.2037
46.8652   13.9286
63.2068   11.6853
91.1872   9.18498
119.203   7.55522
170.264   5.74561
221.326   4.7736
290.01   3.88064
358.694   3.20334
460.816   2.40951
567.931   1.90264
748.847   1.38801
928.897   1.00573
+KVIDZALine
ID:Z=1 A=2
1	2
21
1.42988   37.7609
7.96334   34.2126
14.4968   31.1554
27.4597   26.3295
40.4227   22.7977
60.3082   19.0404
80.1937   16.5056
107.737   13.826
135.281   11.8008
174.108   9.82425
212.935   8.51405
273.074   7.06543
333.213   6.04749
412.346   5.1
491.479   4.43153
590.178   3.79767
688.877   3.28527
859.549   2.52213
1030.22   1.90504
1144.12   1.58698
1258.02   1.35273
+KVIDZALine
ID:Z=1 A=3
1	3
23
0.346813   44.4689
5.28386   41.9191
10.2209   39.5386
19.5369   35.5118
28.8528   32.0998
45.0226   27.549
61.1923   24.247
88.0752   20.2154
114.958   17.3506
149.959   14.6148
184.961   12.6383
229.387   10.8356
273.813   9.5612
330.153   8.38376
386.494   7.50378
458.365   6.59809
530.237   5.86222
657.502   4.86398
784.767   4.12945
994.404   3.2175
1204.04   2.58292
1337.3   2.29751
1470.55   2.08621
+KVIDZALine
ID:Z=2 A=3
2	3
23
1.77598   100.804
10.3535   92.762
17.9018   87.1025
33.3414   78.104
48.781   71.4263
77.2585   61.9187
105.736   55.0578
141.419   48.5226
177.444   43.4941
224.449   38.2415
271.454   34.129
341.105   29.3243
411.784   25.9855
491.383   22.9113
572.698   20.5497
675.286   18.1473
776.5   16.3151
931.926   14.1367
1085.29   12.4672
1295.27   10.696
1504.37   9.4234
1815.73   7.93238
2093.94   6.83904
+KVIDZALine
ID:Z=2 A=4
2	4
23
1.56103   113.757
11.1268   104.683
19.5019   98.3051
36.5124   88.1499
53.5826   80.6205
84.9071   69.8877
116.413   62.1411
155.982   54.7783
195.551   49.109
247.582   43.1773
299.614   38.5279
377.69   33.313
455.766   29.5024
544.293   26.0765
632.819   23.3529
747.649   20.6668
862.481   18.6464
1034.08   16.3018
1205.67   14.4565
1434.93   12.4062
1664.18   10.7205
2024.43   8.68124
2384.7   7.20769
+KVIDZALine
ID:Z=2 A=6
2	6
23
1.92394   132.058
13.4521   122.546
24.9802   114.385
45.5099   102.639
66.0396   93.5908
104.759   81.0291
143.478   72.1385
191.247   63.4895
239.015   56.6502
303.551   49.7308
368.086   44.5931
463.259   38.6325
558.433   34.0677
669.01   30.1146
779.588   27.1137
920.748   23.9951
1061.91   21.503
1273.94   18.7595
1485.97   16.7823
1774.59   14.5862
2063.2   12.747
2501.15   10.4237
2939.1   8.36728
+KVIDCutLine
OK:PEDESTAL
above
15
6.97293   20.9492
17.5499   17.1824
28.1268   14.2647
46.9302   10.7175
65.7336   8.56426
95.5056   6.44455
125.278   5.20506
175.812   3.94312
226.346   3.16918
279.231   2.46987
332.115   1.87979
441.802   1.2273
551.489   1.1333
780.162   0.966484
1027.27   0.252972
!
# ASCII file generated by KVIDZAGrid::WriteToAsciiFile
# ID Graph Name : ID_SI2_CSI_113
# This file can be read using KVIDZAGrid::ReadFromAsciiFile
# 
++KVIDZAGrid
<NAME> ID_SI2_CSI_113
<VARX> Q3.FPGAEnergy
<VARY> 1*Q2.FPGAEnergy
<PARAMETER> IDTelescopes=ID_SI2_CSI_113
<PARAMETER> Runlist=51000-76028
<PARAMETER> ManualWidth=0.400000
<PARAMETER> ManualWidthScaling=0.000000
+KVIDZALine
ID:Z=1 A=1
1	1
17
1.32021   30.1272
8.06499   26.4181
13.6332   23.7931
20.8181   20.8764
28.0029   18.6403
43.2707   15.0917
58.3589   12.6611
84.1932   9.95197
110.06   8.18611
157.205   6.22539
204.35   5.17222
267.766   4.20469
331.182   3.47083
425.472   2.61072
524.371   2.06152
691.411   1.50392
857.651   1.08971
+KVIDZALine
ID:Z=1 A=2
1	2
19
1.32021   40.9141
13.3849   33.757
23.035   29.3308
37.3223   24.7014
51.6095   21.5457
74.0429   17.8839
96.4764   15.2205
124.905   12.7862
153.333   11.0633
196.603   9.22501
239.873   7.95163
307.366   6.45854
374.859   5.38423
451.777   4.55189
528.696   3.97402
634.786   3.34032
740.875   2.82745
951.203   2.06412
1161.53   1.46569
+KVIDZALine
ID:Z=1 A=3
1	3
21
0.320213   48.1822
9.43697   42.8402
15.9495   39.4145
26.6398   34.7803
37.3301   31.1277
56.4989   26.2717
75.6678   22.8409
106.141   18.7994
136.615   15.9353
170.775   13.6937
204.935   12.0922
252.812   10.3596
300.69   9.04069
354.749   7.92455
408.808   7.07353
489.54   6.06828
570.272   5.28623
722.094   4.22885
873.915   3.55841
1111.69   2.79861
1357.76   2.26042
+KVIDZALine
ID:Z=2 A=3
2	3
23
1.63976   109.222
9.55942   100.508
16.5287   94.376
30.7841   84.626
45.0395   77.3907
71.3328   67.0892
97.626   59.6554
130.572   52.5745
163.834   47.126
207.234   41.4348
250.634   36.9789
314.942   31.773
380.2   28.1554
453.694   24.8245
528.772   22.2657
623.492   19.6627
716.943   17.6775
860.448   15.3172
1002.05   13.5083
1195.92   11.5892
1388.99   10.2103
1676.46   8.59477
1933.34   7.41013
+KVIDZALine
ID:Z=2 A=4
2	4
23
1.4413   123.256
10.2734   113.424
18.0061   106.514
33.7119   95.5108
49.4728   87.3527
78.3948   75.7236
107.484   67.3302
144.018   59.3525
180.552   53.2098
228.593   46.7828
276.634   41.7451
348.721   36.0948
420.809   31.966
502.546   28.254
584.282   25.303
690.305   22.3926
796.329   20.2035
954.765   17.6631
1113.2   15.6637
1324.87   13.4422
1536.54   11.6157
1869.16   9.40616
2201.79   7.80956
+KVIDZALine
ID:Z=2 A=6
2	6
23
1.77637   143.085
12.4203   132.779
23.0642   123.937
42.0193   111.21
60.9744   101.406
96.7236   87.7954
132.473   78.1624
176.578   68.7912
220.683   61.3807
280.269   53.8835
339.854   48.3168
427.727   41.8585
515.601   36.9125
617.697   32.6293
719.794   29.3778
850.127   25.9988
980.46   23.2986
1176.23   20.326
1372   18.1837
1638.48   15.8042
1904.95   13.8114
2309.31   11.2941
2713.67   9.06598
+KVIDCutLine
OK:PEDESTAL
above
15
6.43811   22.6985
16.2038   18.6172
25.9695   15.4559
43.3307   11.6125
60.6919   9.27941
88.1804   6.9827
115.669   5.63971
162.327   4.27239
208.985   3.43382
257.814   2.67611
306.642   2.03676
407.916   1.32979
509.19   1.22794
720.324   1.04719
948.482   0.274096
!
# ASCII file generated by KVIDZAGrid::WriteToAsciiFile
# ID Graph Name : ID_SI2_CSI_241
# This file can be read using KVIDZAGrid::ReadFromAsciiFile
# 
++KVIDZAGrid
<NAME> ID_SI2_CSI_241
<VARX> Q3.FPGAEnergy
<VARY> 1*Q2.FPGAEnergy
<PARAMETER> IDTelescopes=ID_SI2_CSI_241
<PARAMETER> Runlist=51000-76028
<PARAMETER> ManualWidth=0.400000
<PARAMETER> ManualWidthScaling=0.000000
+KVIDZALine
ID:Z=1 A=1
1	1
17
0.938838   28.367
5.73524   24.8746
9.69495   22.403
14.8043   19.6567
19.9136   17.5513
30.771   14.21
41.5006   11.9214
59.8721   9.37053
78.2667   7.70784
111.793   5.86168
145.319   4.87004
190.416   3.95903
235.513   3.26805
302.565   2.45819
372.895   1.94108
491.682   1.41605
609.9   1.02604
+KVIDZALine
ID:Z=1 A=2
1	2
19
0.938838   38.5237
9.51838   31.7848
16.3808   27.6172
26.5409   23.2582
36.701   20.2869
52.654   16.839
68.6071   14.3313
88.8234   12.0392
109.039   10.4169
139.81   8.68605
170.58   7.48706
218.577   6.0812
266.573   5.06966
321.271   4.28595
375.971   3.74184
451.414   3.14516
526.857   2.66226
676.427   1.94353
825.996   1.38006
+KVIDZALine
ID:Z=1 A=3
1	3
21
0.227712   45.3672
6.71089   40.3373
11.3421   37.1117
18.9443   32.7483
26.5465   29.3091
40.1779   24.7368
53.8095   21.5064
75.4798   17.7011
97.1508   15.0043
121.443   12.8937
145.735   11.3857
179.782   9.75435
213.829   8.51249
252.272   7.46156
290.715   6.66026
348.126   5.71375
405.536   4.97739
513.501   3.98178
621.465   3.35051
790.554   2.6351
965.541   2.12836
+KVIDZALine
ID:Z=2 A=3
2	3
23
1.16608   102.841
6.79797   94.6359
11.754   88.8622
21.8914   79.6818
32.0288   72.8692
50.7268   63.1696
69.4246   56.1701
92.8534   49.5029
116.507   44.3727
147.37   39.014
178.233   34.8184
223.964   29.9167
270.371   26.5104
322.635   23.3741
376.025   20.9648
443.383   18.5139
509.838   16.6447
611.889   14.4223
712.586   12.7191
850.452   10.9121
987.75   9.61377
1192.18   8.09263
1374.85   6.9772
+KVIDZALine
ID:Z=2 A=4
2	4
23
1.02495   116.055
7.3057   106.797
12.8046   100.291
23.9735   89.9307
35.1815   82.2492
55.7487   71.2995
76.4349   63.3965
102.415   55.8849
128.396   50.1011
162.559   44.0495
196.722   39.3062
247.985   33.986
299.249   30.0984
357.375   26.6033
415.499   23.8247
490.895   21.0843
566.292   19.0231
678.96   16.6311
791.628   14.7486
942.152   12.6568
1092.68   10.9371
1329.21   8.85661
1565.75   7.35329
+KVIDZALine
ID:Z=2 A=6
2	6
23
1.26323   134.725
8.83242   125.021
16.4016   116.696
29.8811   104.713
43.3606   95.4814
68.7829   82.666
94.2053   73.5958
125.57   64.7721
156.934   57.7946
199.307   50.7354
241.68   45.4939
304.169   39.4129
366.658   34.7559
439.262   30.723
511.866   27.6614
604.549   24.4798
697.233   21.9374
836.45   19.1385
975.668   17.1213
1165.17   14.8809
1354.66   13.0045
1642.21   10.6343
1929.77   8.53631
+KVIDCutLine
OK:PEDESTAL
above
15
4.57832   21.3724
11.523   17.5295
18.4676   14.5529
30.8137   10.934
43.1597   8.73727
62.7076   6.57474
82.2555   5.31021
115.435   4.02278
148.615   3.2332
183.339   2.51976
218.062   1.91776
290.08   1.2521
362.099   1.1562
512.243   0.986009
674.492   0.258082
!
# ASCII file generated by KVIDZAGrid::WriteToAsciiFile
# ID Graph Name : ID_SI2_CSI_314
# This file can be read using KVIDZAGrid::ReadFromAsciiFile
# 
++KVIDZAGrid
<NAME> ID_SI2_CSI_314
<VARX> Q3.FPGAEnergy
<VARY> 1*Q2.FPGAEnergy
<PARAMETER> IDTelescopes=ID_SI2_CSI_314
<PARAMETER> Runlist=51000-76028
<PARAMETER> ManualWidth=0.400000
<PARAMETER> ManualWidthScaling=0.000000
+KVIDZALine
ID:Z=1 A=1
1	1
17
0.952427   29.5262
5.81825   25.8911
9.83528   23.3185
15.0186   20.4599
20.2019   18.2685
31.2164   14.7906
42.1013   12.4085
60.7388   9.75344
79.3996   8.02281
113.411   6.1012
147.422   5.06904
193.172   4.12081
238.922   3.40159
306.944   2.55864
378.292   2.0204
498.798   1.47392
618.728   1.06797
+KVIDZALine
ID:Z=1 A=2
1	2
19
0.952427   40.0979
9.65615   33.0836
16.6179   28.7457
26.9251   24.2086
37.2322   21.1159
53.4161   17.5271
69.6001   14.9169
90.1091   12.5311
110.618   10.8426
141.834   9.04098
173.049   7.79301
221.74   6.3297
270.431   5.27682
325.921   4.46109
381.412   3.89474
457.948   3.27369
534.483   2.77105
686.218   2.02294
837.952   1.43645
+KVIDZALine
ID:Z=1 A=3
1	3
21
0.231008   47.221
6.80803   41.9856
11.5063   38.6282
19.2185   34.0865
26.9307   30.5067
40.7595   25.7476
54.5883   22.3853
76.5724   18.4244
98.5569   15.6174
123.201   13.4205
147.844   11.851
182.384   10.1529
216.924   8.86034
255.923   7.76647
294.923   6.93242
353.164   5.94723
411.406   5.18078
520.934   4.14449
630.461   3.48743
801.997   2.74278
979.517   2.21533
+KVIDZALine
ID:Z=2 A=3
2	3
23
1.18296   107.043
6.89637   98.503
11.9242   92.4933
22.2083   82.9378
32.4924   75.8469
51.461   65.7509
70.4295   58.4654
94.1974   51.5257
118.193   46.1859
149.503   40.6082
180.813   36.2412
227.206   31.1392
274.284   27.5937
327.304   24.3293
381.467   21.8215
449.8   19.2705
517.218   17.3249
620.745   15.0116
722.9   13.2388
862.762   11.358
1002.05   10.0066
1209.43   8.42332
1394.75   7.26231
+KVIDZALine
ID:Z=2 A=4
2	4
23
1.03978   120.797
7.41145   111.161
12.99   104.389
24.3205   93.6055
35.6907   85.6101
56.5557   74.213
77.5412   65.9871
103.898   58.1685
130.254   52.1483
164.912   45.8496
199.57   40.9123
251.575   35.3748
303.58   31.3283
362.547   27.6904
421.513   24.7982
498.001   21.9459
574.489   19.8005
688.788   17.3107
803.086   15.3512
955.789   13.174
1108.49   11.384
1348.45   9.21852
1588.42   7.65377
+KVIDZALine
ID:Z=2 A=6
2	6
23
1.28151   140.231
8.96027   130.13
16.639   121.465
30.3136   108.992
43.9882   99.3831
69.7784   86.044
95.5688   76.6032
127.387   67.4189
159.205   60.1562
202.192   52.8086
245.178   47.353
308.571   41.0235
371.965   36.1762
445.62   31.9784
519.275   28.7918
613.3   25.4802
707.325   22.8338
848.557   19.9205
989.79   17.821
1182.03   15.4889
1374.27   13.5359
1665.98   11.0688
1957.7   8.88513
+KVIDCutLine
OK:PEDESTAL
above
15
4.64459   22.2457
11.6898   18.2458
18.7349   15.1476
31.2597   11.3808
43.7844   9.0943
63.6152   6.84341
83.4461   5.52721
117.106   4.18716
150.766   3.36532
185.992   2.62273
221.218   1.99613
294.279   1.30326
367.34   1.20344
519.657   1.0263
684.255   0.268628
!
# ASCII file generated by KVIDZAGrid::WriteToAsciiFile
# ID Graph Name : ID_SI2_CSI_332
# This file can be read using KVIDZAGrid::ReadFromAsciiFile
# 
++KVIDZAGrid
<NAME> ID_SI2_CSI_332
<VARX> Q3.FPGAEnergy
<VARY> 1*Q2.FPGAEnergy
<PARAMETER> IDTelescopes=ID_SI2_CSI_332
<PARAMETER> Runlist=51000-76028
<PARAMETER> ManualWidth=0.400000
<PARAMETER> ManualWidthScaling=0.000000
+KVIDZALine
ID:Z=1 A=1
1	1
17
1.294   29.5292
7.9049   25.8937
13.3626   23.3208
20.4049   20.462
27.447   18.2703
42.4118   14.7921
57.2004   12.4098
82.5219   9.75442
107.875   8.02361
154.084   6.10181
200.294   5.06955
262.451   4.12122
324.608   3.40193
417.026   2.5589
513.962   2.0206
677.686   1.47407
840.626   1.06808
+KVIDZALine
ID:Z=1 A=2
1	2
19
1.294   40.1019
13.1192   33.0869
22.5777   28.7486
36.5814   24.2111
50.585   21.118
72.5731   17.5289
94.5613   14.9184
122.426   12.5324
150.289   10.8437
192.7   9.04189
235.111   7.79379
301.265   6.33033
367.418   5.27735
442.809   4.46153
518.201   3.89513
622.185   3.27401
726.168   2.77132
932.321   2.02315
1138.47   1.4366
+KVIDZALine
ID:Z=1 A=3
1	3
21
0.313857   47.2258
9.24964   41.9898
15.6329   38.6321
26.111   34.0899
36.5891   30.5098
55.3774   25.7502
74.1658   22.3875
104.034   18.4262
133.903   15.619
167.385   13.4219
200.867   11.8522
247.794   10.154
294.721   8.86123
347.707   7.76724
400.693   6.93312
479.822   5.94782
558.952   5.1813
707.76   4.14491
856.567   3.48777
1089.62   2.74306
1330.81   2.21555
+KVIDZALine
ID:Z=2 A=3
2	3
23
1.60721   107.054
9.36966   98.5129
16.2006   92.5026
30.173   82.9461
44.1454   75.8545
69.9168   65.7574
95.6881   58.4712
127.98   51.5309
160.582   46.1905
203.12   40.6123
245.659   36.2449
308.69   31.1423
372.653   27.5965
444.688   24.3317
518.276   21.8237
611.115   19.2724
702.711   17.3266
843.368   15.0131
982.159   13.2402
1172.18   11.3591
1361.42   10.0076
1643.18   8.42416
1894.96   7.26304
+KVIDZALine
ID:Z=2 A=4
2	4
23
1.41269   120.809
10.0695   111.172
17.6487   104.4
33.0427   93.6149
48.4907   85.6187
76.8386   74.2204
105.35   65.9937
141.159   58.1743
176.968   52.1536
224.055   45.8541
271.143   40.9164
341.799   35.3783
412.456   31.3315
492.57   27.6931
572.684   24.8007
676.602   21.9481
780.521   19.8025
935.812   17.3125
1091.1   15.3528
1298.57   13.1754
1506.04   11.3851
1832.06   9.21944
2158.08   7.65454
+KVIDZALine
ID:Z=2 A=6
2	6
23
1.74111   140.245
12.1738   130.143
22.6064   121.477
41.1852   109.002
59.764   99.393
94.8036   86.0526
129.843   76.6108
173.073   67.4257
216.302   60.1623
274.706   52.8139
333.108   47.3577
419.236   41.0276
505.366   36.1798
605.435   31.9816
705.506   28.7946
833.252   25.4827
960.997   22.8361
1152.88   19.9225
1344.77   17.8227
1605.96   15.4905
1867.14   13.5372
2263.47   11.0699
2659.8   8.88602
+KVIDCutLine
OK:PEDESTAL
above
15
6.31031   22.2479
15.8821   18.2476
25.454   15.1491
42.4706   11.382
59.4871   9.09521
86.43   6.84409
113.373   5.52776
159.105   4.18758
204.837   3.36566
252.696   2.62299
300.555   1.99633
399.819   1.30339
499.082   1.20356
706.025   1.0264
929.654   0.268655
!
# ASCII file generated by KVIDZAGrid::WriteToAsciiFile
# ID Graph Name : ID_SI2_CSI_342
# This file can be read using KVIDZAGrid::ReadFromAsciiFile
# 
++KVIDZAGrid
<NAME> ID_SI2_CSI_342
<VARX> Q3.FPGAEnergy
<VARY> 1*Q2.FPGAEnergy
<PARAMETER> IDTelescopes=ID_SI2_CSI_342
<PARAMETER> Runlist=51000-76028
<PARAMETER> ManualWidth=0.400000
<PARAMETER> ManualWidthScaling=0.000000
+KVIDZALine
ID:Z=1 A=1
1	1
17
1.21846   29.2346
7.44343   25.6354
12.5825   23.0882
19.2137   20.2579
25.8447   18.088
39.9359   14.6446
53.8612   12.286
77.7045   9.65712
101.578   7.94358
145.089   6.04095
188.601   5.01898
247.13   4.08012
305.658   3.368
392.681   2.53337
483.958   2.00044
638.125   1.45936
791.553   1.05742
+KVIDZALine
ID:Z=1 A=2
1	2
19
1.21846   39.7019
12.3533   32.7569
21.2597   28.4618
34.4459   23.9696
47.632   20.9074
68.3365   17.354
89.0411   14.7696
115.279   12.4074
141.516   10.7355
181.451   8.9517
221.386   7.71604
283.678   6.26719
345.969   5.22471
416.959   4.41703
487.95   3.85628
585.864   3.24135
683.777   2.74368
877.895   2.00297
1072.01   1.42227
+KVIDZALine
ID:Z=1 A=3
1	3
21
0.295535   46.7547
8.70967   41.571
14.7203   38.2467
24.5867   33.7498
34.4531   30.2055
52.1446   25.4933
69.8362   22.1642
97.9608   18.2424
126.086   15.4632
157.614   13.288
189.141   11.7339
233.328   10.0527
277.516   8.77284
327.409   7.68977
377.302   6.86396
451.812   5.88849
526.322   5.12961
666.443   4.10356
806.563   3.45298
1026.01   2.71569
1253.12   2.19345
+KVIDZALine
ID:Z=2 A=3
2	3
23
1.51339   105.986
8.82269   97.5302
15.2549   91.5799
28.4116   82.1187
41.5684   75.0978
65.8353   65.1015
90.1021   57.888
120.509   51.0168
151.207   45.7298
191.263   40.2072
231.318   35.8833
290.67   30.8316
350.898   27.3212
418.728   24.089
488.02   21.606
575.44   19.0801
661.689   17.1538
794.134   14.8634
924.823   13.1081
1103.75   11.2458
1281.94   9.90779
1547.26   8.34013
1784.34   7.19059
+KVIDZALine
ID:Z=2 A=4
2	4
23
1.33022   119.604
9.48164   110.064
16.6184   103.358
31.1138   92.6811
45.66   84.7647
72.353   73.4801
99.2003   65.3354
132.919   57.594
166.637   51.6333
210.976   45.3967
255.314   40.5083
321.845   35.0254
388.378   31.0189
463.815   27.4169
539.252   24.5533
637.104   21.7292
734.957   19.6049
881.182   17.1398
1027.41   15.1996
1222.76   13.0439
1418.12   11.2716
1725.11   9.12748
2032.1   7.57818
+KVIDZALine
ID:Z=2 A=6
2	6
23
1.63947   138.846
11.4631   128.845
21.2867   120.265
38.7809   107.915
56.2752   98.4016
89.2692   85.1942
122.263   75.8466
162.969   66.7531
203.675   59.5621
258.669   52.2871
313.662   46.8853
394.763   40.6183
475.864   35.8189
570.092   31.6626
664.32   28.5074
784.609   25.2285
904.897   22.6083
1085.58   19.7238
1266.26   17.645
1512.2   15.336
1758.14   13.4022
2131.33   10.9595
2504.53   8.79738
+KVIDCutLine
OK:PEDESTAL
above
15
5.94193   22.026
14.955   18.0656
23.9681   14.998
39.9913   11.2685
56.0144   9.00448
81.3844   6.77582
106.755   5.47262
149.817   4.14581
192.879   3.33208
237.945   2.59682
283.009   1.97642
376.478   1.29039
469.947   1.19156
664.809   1.01616
875.384   0.265975
!
# ASCII file generated by KVIDZAGrid::WriteToAsciiFile
# ID Graph Name : ID_SI2_CSI_343
# This file can be read using KVIDZAGrid::ReadFromAsciiFile
# 
++KVIDZAGrid
<NAME> ID_SI2_CSI_343
<VARX> Q3.FPGAEnergy
<VARY> 1*Q2.FPGAEnergy
<PARAMETER> IDTelescopes=ID_SI2_CSI_343
<PARAMETER> Runlist=51000-76028
<PARAMETER> ManualWidth=0.400000
<PARAMETER> ManualWidthScaling=0.000000
+KVIDZALine
ID:Z=1 A=1
1	1
17
1.29394   11.2514
7.9045   9.86622
13.3619   8.88587
20.4038   7.79659
27.4456   6.96149
42.4096   5.63621
57.1976   4.72847
82.5178   3.71671
107.87   3.05722
154.077   2.32496
200.283   1.93164
262.437   1.5703
324.591   1.29623
417.005   0.975011
513.936   0.769904
677.652   0.56166
840.584   0.406968
+KVIDZALine
ID:Z=1 A=2
1	2
19
1.29394   15.28
13.1185   12.607
22.5766   10.954
36.5796   9.22509
50.5825   8.04655
72.5694   6.679
94.5565   5.68431
122.419   4.77519
150.282   4.13175
192.691   3.44521
235.1   2.96965
301.249   2.41203
367.399   2.01082
442.787   1.69997
518.175   1.48415
622.154   1.24749
726.132   1.05595
932.274   0.770875
1138.42   0.547383
+KVIDZALine
ID:Z=1 A=3
1	3
21
0.313841   17.9943
9.24917   15.9993
15.6321   14.7199
26.1097   12.9892
36.5872   11.6251
55.3746   9.81154
74.162   8.53026
104.029   7.0209
133.896   5.95127
167.377   5.11411
200.857   4.516
247.781   3.86894
294.706   3.37637
347.689   2.95954
400.673   2.64171
479.798   2.26629
558.924   1.97422
707.724   1.57932
856.524   1.32894
1089.57   1.04518
1330.74   0.844186
+KVIDCutLine
OK:PEDESTAL
above
15
6.30999   8.47708
15.8813   6.95286
25.4527   5.77223
42.4684   4.33685
59.4841   3.46553
86.4256   2.60779
113.367   2.10623
159.097   1.59559
204.826   1.28241
252.684   0.999431
300.54   0.760657
399.798   0.496629
499.057   0.458592
705.99   0.391088
929.607   0.102365
!
# ASCII file generated by KVIDZAGrid::WriteToAsciiFile
# ID Graph Name : ID_SI2_CSI_442
# This file can be read using KVIDZAGrid::ReadFromAsciiFile
# 
++KVIDZAGrid
<NAME> ID_SI2_CSI_442
<VARX> Q3.FPGAEnergy
<VARY> 1*Q2.FPGAEnergy
<PARAMETER> IDTelescopes=ID_SI2_CSI_442
<PARAMETER> Runlist=51000-76028
<PARAMETER> ManualWidth=0.400000
<PARAMETER> ManualWidthScaling=0.000000
+KVIDZALine
ID:Z=1 A=1
1	1
17
1.07407   27.8026
6.56138   24.3796
11.0915   21.9572
16.9368   19.2656
22.7821   17.202
35.2035   13.9272
47.4787   11.6842
68.4965   9.18406
89.5408   7.55446
127.896   5.74503
166.252   4.77313
217.845   3.88025
269.438   3.20302
346.149   2.40927
426.609   1.90245
562.507   1.38788
697.754   1.00563
+KVIDZALine
ID:Z=1 A=2
1	2
19
1.07407   37.7571
10.8895   31.1523
18.7404   27.0676
30.3641   22.7954
41.9876   19.8832
60.2386   16.504
78.4897   14.0461
101.618   11.7996
124.746   10.2096
159.949   8.5132
195.152   7.33807
250.062   5.96019
304.972   4.96878
367.549   4.20066
430.128   3.66738
516.439   3.08258
602.749   2.60928
773.864   1.90485
944.978   1.3526
+KVIDZALine
ID:Z=1 A=3
1	3
21
0.260514   44.4644
7.67757   39.5346
12.9759   36.3732
21.6732   32.0966
30.3704   28.7259
45.9654   24.2445
61.5606   21.0785
86.3524   17.3488
111.145   14.7057
138.936   12.6371
166.728   11.1592
205.679   9.56024
244.63   8.3431
288.611   7.31308
332.591   6.52773
398.272   5.60004
463.953   4.87834
587.469   3.90255
710.985   3.28384
904.43   2.58267
1104.62   2.086
+KVIDZALine
ID:Z=2 A=3
2	3
23
1.33405   100.794
7.7772   92.7527
13.4471   87.0938
25.0448   78.0962
36.6425   71.4191
58.0338   61.9125
79.425   55.0523
106.229   48.5178
133.289   43.4897
168.598   38.2376
203.907   34.1256
256.225   29.3214
309.317   25.9829
369.109   22.909
430.19   20.5477
507.25   18.1455
583.279   16.3135
700.029   14.1353
815.231   12.466
972.957   10.695
1130.03   9.42246
1363.91   7.93159
1572.89   6.83836
+KVIDZALine
ID:Z=2 A=4
2	4
23
1.17259   113.745
8.35806   104.672
14.6491   98.2953
27.4268   88.1411
40.2493   80.6125
63.7792   69.8807
87.4451   62.1349
117.168   54.7728
146.891   49.1041
185.975   43.173
225.059   38.524
283.707   33.3097
342.355   29.4995
408.853   26.0739
475.351   23.3506
561.607   20.6648
647.864   18.6446
776.762   16.3002
905.659   14.4551
1077.87   12.405
1250.07   10.7194
1520.68   8.68037
1791.3   7.20697
+KVIDZALine
ID:Z=2 A=6
2	6
23
1.44519   132.044
10.1047   122.534
18.7642   114.374
34.1854   102.629
49.6065   93.5814
78.6908   81.021
107.775   72.1313
143.657   63.4832
179.54   56.6445
228.017   49.7258
276.493   44.5886
347.983   38.6286
419.474   34.0643
502.536   30.1116
585.598   27.111
691.632   23.9927
797.667   21.5009
956.938   18.7576
1116.21   16.7806
1333.01   14.5847
1549.8   12.7457
1878.77   10.4226
2207.74   8.36644
+KVIDCutLine
OK:PEDESTAL
above
15
5.23781   20.9471
13.1828   17.1807
21.1278   14.2633
35.2523   10.7165
49.3767   8.5634
71.7404   6.44391
94.1041   5.20454
132.063   3.94273
170.023   3.16886
209.748   2.46962
249.473   1.8796
331.866   1.22718
414.258   1.13319
586.029   0.966388
771.65   0.252946
!
# ASCII file generated by KVIDZAGrid::WriteToAsciiFile
# ID Graph Name : ID_SI2_CSI_512
# This file can be read using KVIDZAGrid::ReadFromAsciiFile
# 
++KVIDZAGrid
<NAME> ID_SI2_CSI_512
<VARX> Q3.FPGAEnergy
<VARY> 1*Q2.FPGAEnergy
<PARAMETER> IDTelescopes=ID_SI2_CSI_512
<PARAMETER> Runlist=51000-76028
<PARAMETER> ManualWidth=0.400000
<PARAMETER> ManualWidthScaling=0.000000
+KVIDZALine
ID:Z=1 A=1
1	1
17
1.41562   10.114
8.64783   8.86883
14.6185   7.98759
22.3225   7.00842
30.0266   6.25774
46.3978   5.06644
62.5763   4.25046
90.2776   3.34098
118.014   2.74816
168.566   2.08993
219.118   1.73637
287.117   1.41156
355.115   1.16519
456.219   0.876446
562.266   0.692073
741.378   0.504881
919.631   0.365827
+KVIDZALine
ID:Z=1 A=2
1	2
19
1.41562   13.7353
14.3522   11.3326
24.6997   9.84665
40.0195   8.29251
55.3392   7.23311
79.3938   6.00381
103.448   5.10968
133.931   4.29246
164.414   3.71406
210.811   3.09693
257.209   2.66944
329.579   2.1682
401.949   1.80754
484.426   1.52812
566.904   1.33412
680.661   1.12138
794.417   0.949204
1019.94   0.692946
1245.47   0.492047
+KVIDZALine
ID:Z=1 A=3
1	3
21
0.343354   16.1753
10.119   14.3819
17.1021   13.2319
28.565   11.6761
40.0278   10.4499
60.5819   8.81968
81.1361   7.66793
113.811   6.31115
146.487   5.34964
183.116   4.59712
219.746   4.05948
271.083   3.47782
322.421   3.03505
380.386   2.66035
438.352   2.37466
524.917   2.03718
611.484   1.77464
774.278   1.41967
937.07   1.19459
1192.03   0.939522
1455.88   0.758846
+KVIDZALine
ID:Z=2 A=3
2	3
23
1.75826   36.667
10.2503   33.7416
17.7232   31.683
33.0088   28.4098
48.2944   25.9809
76.4878   22.5225
104.681   20.0269
140.009   17.6498
175.674   15.8207
222.21   13.9101
268.746   12.4142
337.702   10.6665
407.676   9.45206
486.481   8.33384
566.985   7.47482
668.551   6.60097
768.755   5.93452
922.63   5.14214
1074.46   4.53488
1282.35   3.89061
1489.37   3.4277
1797.62   2.88535
2073.06   2.48766
+KVIDZALine
ID:Z=2 A=4
2	4
23
1.54546   41.3783
11.0158   38.0776
19.3074   35.7578
36.1482   32.064
53.048   29.3252
84.0602   25.4212
115.252   22.6034
154.426   19.9252
193.6   17.8631
245.113   15.7055
296.626   14.0143
373.922   12.1174
451.22   10.7313
538.864   9.48516
626.507   8.49448
740.192   7.51743
853.878   6.78252
1023.76   5.92968
1193.65   5.25847
1420.61   4.51268
1647.58   3.89951
2004.24   3.15774
2360.9   2.62175
+KVIDZALine
ID:Z=2 A=6
2	6
23
1.90474   48.0351
13.3179   44.5753
24.731   41.6069
45.056   37.3343
65.3808   34.043
103.714   29.4738
142.047   26.2399
189.339   23.0939
236.631   20.6061
300.523   18.0892
364.414   16.2204
458.638   14.0523
552.862   12.3919
662.337   10.954
771.812   9.86243
911.564   8.72806
1051.32   7.82158
1261.23   6.82365
1471.15   6.10446
1756.89   5.30563
2042.62   4.63663
2476.2   3.79155
2909.78   3.04354
+KVIDCutLine
OK:PEDESTAL
above
15
6.90338   7.62012
17.3748   6.24999
27.8462   5.1887
46.4621   3.89844
65.078   3.11519
94.553   2.34416
124.028   1.89331
174.058   1.43429
224.088   1.15277
276.445   0.898398
328.803   0.683761
437.395   0.446424
545.988   0.412232
772.38   0.351552
1017.03   0.0920168
!
# ASCII file generated by KVIDZAGrid::WriteToAsciiFile
# ID Graph Name : ID_SI2_CSI_514
# This file can be read using KVIDZAGrid::ReadFromAsciiFile
# 
++KVIDZAGrid
<NAME> ID_SI2_CSI_514
<VARX> Q3.FPGAEnergy
<VARY> 1*Q2.FPGAEnergy
<PARAMETER> IDTelescopes=ID_SI2_CSI_514
<PARAMETER> Runlist=51000-76028
<PARAMETER> ManualWidth=0.400000
<PARAMETER> ManualWidthScaling=0.000000
+KVIDZALine
ID:Z=1 A=1
1	1
17
1.30704   29.5292
7.98454   25.8937
13.4972   23.3208
20.6104   20.462
27.7236   18.2703
42.8391   14.7921
57.7768   12.4098
83.3534   9.75442
108.962   8.02361
155.637   6.10181
202.312   5.06955
265.095   4.12122
327.878   3.40193
421.228   2.5589
519.14   2.0206
684.514   1.47407
849.096   1.06808
+KVIDZALine
ID:Z=1 A=2
1	2
19
1.30704   40.1019
13.2514   33.0869
22.8052   28.7486
36.95   24.2111
51.0947   21.118
73.3043   17.5289
95.514   14.9184
123.659   12.5324
151.804   10.8437
194.642   9.04189
237.48   7.79379
304.3   6.33033
371.12   5.27735
447.271   4.46153
523.422   3.89513
628.454   3.27401
733.485   2.77132
941.715   2.02315
1149.94   1.4366
+KVIDZALine
ID:Z=1 A=3
1	3
21
0.317019   47.2258
9.34284   41.9898
15.7904   38.6321
26.3741   34.0899
36.9577   30.5098
55.9353   25.7502
74.913   22.3875
105.082   18.4262
135.252   15.619
169.072   13.4219
202.891   11.8522
250.29   10.154
297.691   8.86123
351.21   7.76724
404.73   6.93312
484.657   5.94782
564.584   5.1813
714.891   4.14491
865.198   3.48777
1100.6   2.74306
1344.22   2.21555
+KVIDZALine
ID:Z=2 A=3
2	3
23
1.6234   107.054
9.46406   98.5129
16.3638   92.5026
30.477   82.9461
44.5902   75.8545
70.6213   65.7574
96.6522   58.4712
129.27   51.5309
162.2   46.1905
205.167   40.6123
248.134   36.2449
311.8   31.1423
376.408   27.5965
449.168   24.3317
523.497   21.8237
617.273   19.2724
709.791   17.3266
851.865   15.0131
992.055   13.2402
1183.99   11.3591
1375.13   10.0076
1659.74   8.42416
1914.05   7.26304
+KVIDZALine
ID:Z=2 A=4
2	4
23
1.42692   120.809
10.1709   111.172
17.8265   104.4
33.3756   93.6149
48.9793   85.6187
77.6128   74.2204
106.412   65.9937
142.581   58.1743
178.751   52.1536
226.313   45.8541
273.875   40.9164
345.243   35.3783
416.611   31.3315
497.533   27.6931
578.454   24.8007
683.419   21.9481
788.386   19.8025
945.241   17.3125
1102.1   15.3528
1311.65   13.1754
1521.21   11.3851
1850.52   9.21944
2179.83   7.65454
+KVIDZALine
ID:Z=2 A=6
2	6
23
1.75865   140.245
12.2964   130.143
22.8341   121.477
41.6002   109.002
60.3662   99.393
95.7588   86.0526
131.152   76.6108
174.817   67.4257
218.482   60.1623
277.473   52.8139
336.464   47.3577
423.46   41.0276
510.458   36.1798
611.535   31.9816
712.614   28.7946
841.647   25.4827
970.68   22.8361
1164.5   19.9225
1358.31   17.8227
1622.14   15.4905
1885.95   13.5372
2286.27   11.0699
2686.6   8.88602
+KVIDCutLine
OK:PEDESTAL
above
15
6.37389   22.2479
16.0422   18.2476
25.7105   15.1491
42.8985   11.382
60.0865   9.09521
87.3008   6.84409
114.515   5.52776
160.708   4.18758
206.9   3.36566
255.242   2.62299
303.583   1.99633
403.847   1.30339
504.111   1.20356
713.139   1.0264
939.021   0.268655
!
# ASCII file generated by KVIDZAGrid::WriteToAsciiFile
# ID Graph Name : ID_SI2_CSI_523
# This file can be read using KVIDZAGrid::ReadFromAsciiFile
# 
++KVIDZAGrid
<NAME> ID_SI2_CSI_523
<VARX> Q3.FPGAEnergy
<VARY> 1*Q2.FPGAEnergy
<PARAMETER> IDTelescopes=ID_SI2_CSI_523
<PARAMETER> Runlist=51000-76028
<PARAMETER> ManualWidth=0.400000
<PARAMETER> ManualWidthScaling=0.000000
+KVIDZALine
ID:Z=1 A=1
1	1
17
1.40157   29.8267
8.56199   26.1546
14.4733   23.5558
22.101   20.6682
29.7286   18.4544
45.9372   14.9412
61.9553   12.5348
89.3816   9.8527
116.842   8.10445
166.893   6.16329
216.943   5.12063
284.267   4.16275
351.591   3.43621
451.692   2.58468
556.685   2.04096
734.019   1.48892
910.504   1.07884
+KVIDZALine
ID:Z=1 A=2
1	2
19
1.40157   40.506
14.2097   33.4203
24.4545   29.0382
39.6223   24.455
54.7899   21.3308
78.6058   17.7055
102.422   15.0687
132.602   12.6587
162.782   10.9529
208.719   9.13299
254.655   7.87231
326.307   6.39412
397.96   5.33052
479.618   4.50648
561.277   3.93438
673.905   3.307
786.531   2.79925
1009.82   2.04353
1233.11   1.45107
+KVIDZALine
ID:Z=1 A=3
1	3
21
0.339946   47.7016
10.0185   42.4129
16.9324   39.0213
28.2815   34.4334
39.6306   30.8172
59.9806   26.0096
80.3308   22.6131
112.682   18.6119
145.034   15.7763
181.299   13.5571
217.564   11.9716
268.391   10.2563
319.22   8.95051
376.61   7.8455
434.001   7.00297
519.708   6.00775
605.415   5.2335
766.593   4.18667
927.77   3.52291
1180.2   2.77069
1441.43   2.23787
+KVIDZALine
ID:Z=2 A=3
2	3
23
1.74081   108.133
10.1485   99.5054
17.5473   93.4346
32.6812   83.7819
47.815   76.6187
75.7287   66.42
103.642   59.0603
138.618   52.0501
173.93   46.6559
220.005   41.0215
266.079   36.61
334.35   31.4561
403.63   27.8745
481.653   24.5769
561.357   22.0436
661.915   19.4666
761.124   17.5012
913.473   15.1644
1063.8   13.3736
1269.62   11.4736
1474.59   10.1085
1779.77   8.50904
2052.48   7.33621
+KVIDZALine
ID:Z=2 A=4
2	4
23
1.53012   122.027
10.9065   112.293
19.1157   105.452
35.7894   94.5581
52.5215   86.4814
83.2259   74.9683
114.108   66.6586
152.893   58.7605
191.678   52.679
242.68   46.3161
293.681   41.3287
370.211   35.7348
446.741   31.6471
533.515   27.9722
620.288   25.0506
732.845   22.1692
845.403   20.002
1013.6   17.4869
1181.8   15.5075
1406.51   13.3081
1631.23   11.4998
1984.35   9.31233
2337.47   7.73166
+KVIDZALine
ID:Z=2 A=6
2	6
23
1.88584   141.658
13.1857   131.455
24.4855   122.701
44.6087   110.101
64.7319   100.394
102.684   86.9196
140.637   77.3827
187.46   68.105
234.283   60.7684
297.541   53.346
360.797   47.8348
454.086   41.441
547.375   36.5443
655.762   32.3038
764.151   29.0848
902.516   25.7395
1040.88   23.0662
1248.71   20.1232
1456.55   18.0023
1739.45   15.6466
2022.34   13.6736
2451.62   11.1814
2880.9   8.97555
+KVIDCutLine
OK:PEDESTAL
above
15
6.83486   22.4721
17.2024   18.4315
27.5699   15.3017
46.0009   11.4967
64.432   9.18685
93.6145   6.91305
122.797   5.58345
172.33   4.22977
221.864   3.39957
273.702   2.64942
325.539   2.01644
433.054   1.31653
540.569   1.21569
764.714   1.03674
1006.93   0.271362
!
# ASCII file generated by KVIDZAGrid::WriteToAsciiFile
# ID Graph Name : ID_SI2_CSI_531
# This file can be read using KVIDZAGrid::ReadFromAsciiFile
# 
++KVIDZAGrid
<NAME> ID_SI2_CSI_531
<VARX> Q3.FPGAEnergy
<VARY> 1*Q2.FPGAEnergy
<PARAMETER> IDTelescopes=ID_SI2_CSI_531
<PARAMETER> Runlist=51000-76028
<PARAMETER> ManualWidth=0.400000
<PARAMETER> ManualWidthScaling=0.000000
+KVIDZALine
ID:Z=1 A=1
1	1
17
1.33345   27.8053
8.14584   24.3821
13.7699   21.9594
21.0268   19.2675
28.2836   17.2037
43.7045   13.9286
58.9439   11.6853
85.0372   9.18498
111.163   7.55522
158.781   5.74561
206.399   4.7736
270.45   3.88064
334.502   3.20334
429.737   2.40951
529.628   1.90264
698.342   1.38801
866.249   1.00573
+KVIDZALine
ID:Z=1 A=2
1	2
19
1.33345   37.7609
13.5191   31.1554
23.2659   27.0703
37.6965   22.7977
52.1269   19.8852
74.7852   16.5056
97.4436   14.0475
126.157   11.8008
154.87   10.2107
198.574   8.51405
242.278   7.33881
310.447   5.96079
378.617   4.96927
456.306   4.20108
533.996   3.66775
641.15   3.08289
748.302   2.60954
960.739   1.90504
1173.17   1.35273
+KVIDZALine
ID:Z=1 A=3
1	3
21
0.323423   44.4689
9.53158   39.5386
16.1094   36.3769
26.9069   32.0998
37.7043   28.7287
57.0653   24.247
76.4264   21.0806
107.205   17.3506
137.985   14.7072
172.487   12.6383
206.989   11.1603
255.346   9.5612
303.704   8.34393
358.305   7.31381
412.906   6.52838
494.448   5.6006
575.989   4.87883
729.333   3.90294
882.676   3.28417
1122.83   2.58292
1371.37   2.08621
+KVIDZALine
ID:Z=2 A=3
2	3
23
1.6562   100.804
9.65525   92.762
16.6944   87.1025
31.0927   78.104
45.491   71.4263
72.0479   61.9187
98.6047   55.0578
131.881   48.5226
165.476   43.4941
209.312   38.2415
253.147   34.129
318.099   29.3243
384.012   25.9855
458.242   22.9113
534.073   20.5497
629.743   18.1473
724.13   16.3151
869.074   14.1367
1012.1   12.4672
1207.91   10.696
1402.91   9.4234
1693.27   7.93238
1952.72   6.83904
+KVIDZALine
ID:Z=2 A=4
2	4
23
1.45575   113.757
10.3764   104.683
18.1866   98.3051
34.0499   88.1499
49.9688   80.6205
79.1807   69.8877
108.562   62.1411
145.462   54.7783
182.362   49.109
230.885   43.1773
279.407   38.5279
352.217   33.313
425.028   29.5024
507.584   26.0765
590.139   23.3529
697.225   20.6668
804.312   18.6464
964.337   16.3018
1124.36   14.4565
1338.15   12.4062
1551.94   10.7205
1887.9   8.68124
2223.86   7.20769
+KVIDZALine
ID:Z=2 A=6
2	6
23
1.79418   132.058
12.5448   122.546
23.2954   114.385
42.4405   102.639
61.5857   93.5908
97.6933   81.0291
133.801   72.1385
178.348   63.4895
222.895   56.6502
283.079   49.7308
343.261   44.5931
432.015   38.6325
520.77   34.0677
623.889   30.1146
727.01   27.1137
858.65   23.9951
990.289   21.503
1188.02   18.7595
1385.75   16.7823
1654.91   14.5862
1924.05   12.747
2332.46   10.4237
2740.87   8.36728
+KVIDCutLine
OK:PEDESTAL
above
15
6.50265   20.9492
16.3662   17.1824
26.2298   14.2647
43.7651   10.7175
61.3003   8.56426
89.0644   6.44455
116.829   5.20506
163.954   3.94312
211.08   3.16918
260.399   2.46987
309.716   1.87979
412.005   1.2273
514.295   1.1333
727.545   0.966484
957.991   0.252972
!
# ASCII file generated by KVIDZAGrid::WriteToAsciiFile
# ID Graph Name : ID_SI2_CSI_534
# This file can be read using KVIDZAGrid::ReadFromAsciiFile
# 
++KVIDZAGrid
<NAME> ID_SI2_CSI_534
<VARX> Q3.FPGAEnergy
<VARY> 1*Q2.FPGAEnergy
<PARAMETER> IDTelescopes=ID_SI2_CSI_534
<PARAMETER> Runlist=51000-76028
<PARAMETER> ManualWidth=0.400000
<PARAMETER> ManualWidthScaling=0.000000
+KVIDZALine
ID:Z=1 A=1
1	1
17
1.34681   28.3685
8.2275   24.8759
13.9079   22.4041
21.2376   19.6577
28.5672   17.5521
44.1426   14.2107
59.5349   11.922
85.8897   9.371
112.278   7.70823
160.373   5.86197
208.468   4.87028
273.162   3.95923
337.855   3.26821
434.045   2.45831
534.937   1.94117
705.343   1.41613
874.933   1.0261
+KVIDZALine
ID:Z=1 A=2
1	2
19
1.34681   38.5256
13.6546   31.7864
23.4992   27.6186
38.0744   23.2594
52.6495   20.2879
75.5349   16.8399
98.4204   14.332
127.422   12.0398
156.423   10.4175
200.565   8.68648
244.707   7.48744
313.56   6.08151
382.413   5.06991
460.881   4.28616
539.349   3.74203
647.577   3.14532
755.804   2.66239
970.37   1.94362
1184.94   1.38013
+KVIDZALine
ID:Z=1 A=3
1	3
21
0.326665   45.3695
9.62713   40.3393
16.2709   37.1136
27.1766   32.7499
38.0823   29.3106
57.6374   24.738
77.1925   21.5075
108.28   17.7019
139.368   15.005
174.216   12.8943
209.065   11.3863
257.906   9.75484
306.749   8.51292
361.897   7.46194
417.046   6.6606
499.404   5.71403
581.763   4.97763
736.645   3.98198
891.525   3.35068
1134.09   2.63524
1385.12   2.12846
+KVIDZALine
ID:Z=2 A=3
2	3
23
1.6728   102.846
9.75205   94.6406
16.8618   88.8666
31.4044   79.6858
45.9471   72.8728
72.7702   63.1727
99.5932   56.1729
133.203   49.5053
167.135   44.3749
211.41   39.016
255.684   34.8202
321.288   29.9182
387.861   26.5118
462.836   23.3753
539.427   20.9659
636.056   18.5148
731.39   16.6455
877.786   14.423
1022.24   12.7197
1220.02   10.9127
1416.98   9.61425
1710.24   8.09303
1972.3   6.97755
+KVIDZALine
ID:Z=2 A=4
2	4
23
1.47034   116.061
10.4804   106.803
18.3689   100.296
34.3912   89.9351
50.4697   82.2533
79.9745   71.3031
109.65   63.3997
146.92   55.8877
184.19   50.1036
233.199   44.0518
282.208   39.3081
355.748   33.9877
429.289   30.0999
512.673   26.6046
596.056   23.8259
704.215   21.0854
812.375   19.0241
974.004   16.632
1135.63   14.7493
1351.57   12.6575
1567.5   10.9376
1906.82   8.85705
2246.16   7.35366
+KVIDZALine
ID:Z=2 A=6
2	6
23
1.81216   134.732
12.6706   125.028
23.529   116.702
42.866   104.718
62.2031   95.4862
98.6726   82.6702
135.142   73.5995
180.136   64.7754
225.13   57.7975
285.917   50.7379
346.702   45.4962
436.346   39.4149
525.991   34.7577
630.144   30.7245
734.298   27.6628
867.257   24.4811
1000.22   21.9385
1199.93   19.1394
1399.65   17.1222
1671.5   14.8816
1943.34   13.0051
2355.84   10.6348
2768.35   8.53673
+KVIDCutLine
OK:PEDESTAL
above
15
6.56784   21.3734
16.5303   17.5304
26.4928   14.5536
44.2038   10.9346
61.9149   8.7377
89.9573   6.57507
118   5.31048
165.598   4.02298
213.196   3.23336
263.009   2.51989
312.821   1.91786
416.136   1.25216
519.45   1.15626
734.839   0.986058
967.594   0.258095
!
# ASCII file generated by KVIDZAGrid::WriteToAsciiFile
# ID Graph Name : ID_SI2_CSI_544
# This file can be read using KVIDZAGrid::ReadFromAsciiFile
# 
++KVIDZAGrid
<NAME> ID_SI2_CSI_544
<VARX> Q3.FPGAEnergy
<VARY> 1*Q2.FPGAEnergy
<PARAMETER> IDTelescopes=ID_SI2_CSI_544
<PARAMETER> Runlist=51000-76028
<PARAMETER> ManualWidth=0.400000
<PARAMETER> ManualWidthScaling=0.000000
+KVIDZALine
ID:Z=1 A=1
1	1
17
1.41569   27.8053
8.64826   24.3821
14.6192   21.9594
22.3237   19.2675
30.0281   17.2037
46.4001   13.9286
62.5795   11.6853
90.2821   9.18498
118.02   7.55522
168.574   5.74561
219.129   4.7736
287.131   3.88064
355.133   3.20334
456.243   2.40951
562.294   1.90264
741.415   1.38801
919.677   1.00573
+KVIDZALine
ID:Z=1 A=2
1	2
19
1.41569   37.7609
14.3529   31.1554
24.7009   27.0703
40.0215   22.7977
55.342   19.8852
79.3978   16.5056
103.454   14.0475
133.938   11.8008
164.422   10.2107
210.822   8.51405
257.221   7.33881
329.595   5.96079
401.969   4.96927
484.45   4.20108
566.932   3.66775
680.694   3.08289
794.456   2.60954
1020   1.90504
1245.53   1.35273
+KVIDZALine
ID:Z=1 A=3
1	3
21
0.343371   44.4689
10.1195   39.5386
17.103   36.3769
28.5664   32.0998
40.0299   28.7287
60.585   24.247
81.1402   21.0806
113.817   17.3506
146.495   14.7072
183.126   12.6383
219.756   11.1603
271.096   9.5612
322.436   8.34393
380.405   7.31381
438.373   6.52838
524.944   5.6006
611.515   4.87883
774.317   3.90294
937.118   3.28417
1192.09   2.58292
1455.95   2.08621
+KVIDZALine
ID:Z=2 A=3
2	3
23
1.75835   100.804
10.2508   92.762
17.7241   87.1025
33.0104   78.104
48.2968   71.4263
76.4917   61.9187
104.686   55.0578
140.015   48.5226
175.683   43.4941
222.221   38.2415
268.76   34.129
337.719   29.3243
407.696   25.9855
486.506   22.9113
567.013   20.5497
668.584   18.1473
768.793   16.3151
922.677   14.1367
1074.52   12.4672
1282.41   10.696
1489.44   9.4234
1797.7   7.93238
2073.16   6.83904
+KVIDZALine
ID:Z=2 A=4
2	4
23
1.54554   113.757
11.0164   104.683
19.3083   98.3051
36.15   88.1499
53.0507   80.6205
84.0644   69.8877
115.257   62.1411
154.434   54.7783
193.61   49.109
245.125   43.1773
296.64   38.5279
373.941   33.313
451.242   29.5024
538.891   26.0765
626.538   23.3529
740.229   20.6668
853.92   18.6464
1023.81   16.3018
1193.71   14.4565
1420.69   12.4062
1647.66   10.7205
2004.34   8.68124
2361.03   7.20769
+KVIDZALine
ID:Z=2 A=6
2	6
23
1.90484   132.058
13.3186   122.546
24.7322   114.385
45.0582   102.639
65.3841   93.5908
103.719   81.0291
142.054   72.1385
189.348   63.4895
236.643   56.6502
300.538   49.7308
364.433   44.5931
458.661   38.6325
552.89   34.0677
662.37   30.1146
771.85   27.1137
911.609   23.9951
1051.37   21.503
1261.3   18.7595
1471.22   16.7823
1756.98   14.5862
2042.72   12.747
2476.32   10.4237
2909.93   8.36728
+KVIDCutLine
OK:PEDESTAL
above
15
6.90372   20.9492
17.3757   17.1824
27.8476   14.2647
46.4644   10.7175
65.0812   8.56426
94.5577   6.44455
124.034   5.20506
174.067   3.94312
224.099   3.16918
276.459   2.46987
328.819   1.87979
437.417   1.2273
546.015   1.1333
772.419   0.966484
1017.08   0.252972
!
# ASCII file generated by KVIDZAGrid::WriteToAsciiFile
# ID Graph Name : ID_SI2_CSI_632
# This file can be read using KVIDZAGrid::ReadFromAsciiFile
# 
++KVIDZAGrid
<NAME> ID_SI2_CSI_632
<VARX> Q3.FPGAEnergy
<VARY> 1*Q2.FPGAEnergy
<PARAMETER> IDTelescopes=ID_SI2_CSI_632
<PARAMETER> Runlist=51000-76028
<PARAMETER> ManualWidth=0.400000
<PARAMETER> ManualWidthScaling=0.000000
+KVIDZALine
ID:Z=1 A=1
1	1
17
1.21846   30.4292
7.44343   26.6829
12.5825   24.0316
19.2137   21.0857
25.8447   18.8272
39.9359   15.243
53.8612   12.788
77.7045   10.0517
101.578   8.26818
145.089   6.2878
188.601   5.22407
247.13   4.24684
305.658   3.50563
392.681   2.63689
483.958   2.08219
638.125   1.519
791.553   1.10063
+KVIDZALine
ID:Z=1 A=2
1	2
19
1.21846   41.3243
12.3533   34.0954
21.2597   29.6248
34.4459   24.949
47.632   21.7617
68.3365   18.0632
89.0411   15.3731
115.279   12.9144
141.516   11.1742
181.451   9.31749
221.386   8.03135
283.678   6.52329
345.969   5.43821
416.959   4.59752
487.95   4.01386
585.864   3.37381
683.777   2.8558
877.895   2.08481
1072.01   1.48038
+KVIDZALine
ID:Z=1 A=3
1	3
21
0.295535   48.6652
8.70967   43.2697
14.7203   39.8096
24.5867   35.129
34.4531   31.4398
52.1446   26.5351
69.8362   23.0699
97.9608   18.9879
126.086   16.0951
157.614   13.831
189.141   12.2134
233.328   10.4635
277.516   9.13132
327.409   8.00399
377.302   7.14444
451.812   6.12911
526.322   5.33922
666.443   4.27124
806.563   3.59408
1026.01   2.82667
1253.12   2.28308
+KVIDZALine
ID:Z=2 A=3
2	3
23
1.51339   110.317
8.82269   101.516
15.2549   95.3221
28.4116   85.4744
41.5684   78.1665
65.8353   67.7618
90.1021   60.2534
120.509   53.1016
151.207   47.5984
191.263   41.8502
231.318   37.3496
290.67   32.0915
350.898   28.4377
418.728   25.0734
488.02   22.4889
575.44   19.8598
661.689   17.8547
794.134   15.4708
924.823   13.6437
1103.75   11.7054
1281.94   10.3127
1547.26   8.68093
1784.34   7.48442
+KVIDZALine
ID:Z=2 A=4
2	4
23
1.33022   124.492
9.48164   114.561
16.6184   107.582
31.1138   96.4683
45.66   88.2284
72.353   76.4827
99.2003   68.0052
132.919   59.9475
166.637   53.7432
210.976   47.2518
255.314   42.1636
321.845   36.4567
388.378   32.2865
463.815   28.5372
539.252   25.5567
637.104   22.6171
734.957   20.406
881.182   17.8402
1027.41   15.8207
1222.76   13.577
1418.12   11.7321
1725.11   9.50046
2032.1   7.88785
+KVIDZALine
ID:Z=2 A=6
2	6
23
1.63947   144.519
11.4631   134.11
21.2867   125.179
38.7809   112.325
56.2752   102.423
89.2692   88.6755
122.263   78.946
162.969   69.4808
203.675   61.996
258.669   54.4237
313.662   48.8012
394.763   42.2781
475.864   37.2825
570.092   32.9564
664.32   29.6723
784.609   26.2594
904.897   23.5322
1085.58   20.5298
1266.26   18.366
1512.2   15.9626
1758.14   13.9499
2131.33   11.4073
2504.53   9.15687
+KVIDCutLine
OK:PEDESTAL
above
15
5.94193   22.9261
14.955   18.8038
23.9681   15.6108
39.9913   11.7289
56.0144   9.37244
81.3844   7.0527
106.755   5.69625
149.817   4.31522
192.879   3.46824
237.945   2.70294
283.009   2.05718
376.478   1.34312
469.947   1.24025
664.809   1.05769
875.384   0.276844
!
# ASCII file generated by KVIDZAGrid::WriteToAsciiFile
# ID Graph Name : ID_SI2_CSI_633
# This file can be read using KVIDZAGrid::ReadFromAsciiFile
# 
++KVIDZAGrid
<NAME> ID_SI2_CSI_633
<VARX> Q3.FPGAEnergy
<VARY> 1*Q2.FPGAEnergy
<PARAMETER> IDTelescopes=ID_SI2_CSI_633
<PARAMETER> Runlist=51000-76028
<PARAMETER> ManualWidth=0.400000
<PARAMETER> ManualWidthScaling=0.000000
+KVIDZALine
ID:Z=1 A=1
1	1
17
1.0803   27.8039
6.59941   24.3809
11.1558   21.9583
17.035   19.2665
22.9142   17.2029
35.4075   13.9279
47.7539   11.6847
68.8935   9.18452
90.0598   7.55484
128.638   5.74532
167.215   4.77336
219.107   3.88045
270.999   3.20318
348.155   2.40939
429.082   1.90255
565.767   1.38795
701.798   1.00568
+KVIDZALine
ID:Z=1 A=2
1	2
19
1.0803   37.759
10.9526   31.1538
18.8491   27.069
30.5401   22.7966
42.231   19.8842
60.5878   16.5048
78.9446   14.0468
102.207   11.8002
125.469   10.2102
160.876   8.51362
196.283   7.33844
251.511   5.96049
306.739   4.96902
369.68   4.20087
432.621   3.66756
519.432   3.08273
606.243   2.60941
778.35   1.90495
950.456   1.35266
+KVIDZALine
ID:Z=1 A=3
1	3
21
0.262024   44.4666
7.72208   39.5366
13.0511   36.375
21.7988   32.0982
30.5464   28.7273
46.2319   24.2458
61.9174   21.0795
86.853   17.3497
111.789   14.7064
139.742   12.6377
167.694   11.1597
206.871   9.56072
246.048   8.34352
290.284   7.31345
334.519   6.52805
400.58   5.60032
466.642   4.87858
590.875   3.90274
715.106   3.284
909.673   2.5828
1111.03   2.08611
+KVIDZALine
ID:Z=2 A=3
2	3
23
1.34178   100.799
7.82227   92.7573
13.5251   87.0982
25.19   78.1001
36.8549   71.4227
58.3701   61.9156
79.8853   55.0551
106.844   48.5202
134.062   43.4919
169.575   38.2396
205.089   34.1273
257.71   29.3228
311.11   25.9842
371.248   22.9102
432.683   20.5487
510.191   18.1464
586.66   16.3143
704.087   14.136
819.957   12.4666
978.596   10.6955
1136.58   9.42293
1371.81   7.93198
1582.01   6.8387
+KVIDZALine
ID:Z=2 A=4
2	4
23
1.17939   113.751
8.40651   104.677
14.734   98.3002
27.5857   88.1455
40.4826   80.6165
64.1488   69.8842
87.9519   62.138
117.847   54.7755
147.742   49.1065
187.053   43.1751
226.364   38.5259
285.351   33.3113
344.339   29.5009
411.223   26.0752
478.106   23.3518
564.862   20.6658
651.619   18.6455
781.264   16.301
910.908   14.4558
1084.11   12.4056
1257.32   10.72
1529.49   8.6808
1801.68   7.20733
+KVIDZALine
ID:Z=2 A=6
2	6
23
1.45357   132.051
10.1633   122.54
18.873   114.38
34.3835   102.634
49.8941   93.5861
79.1469   81.0251
108.4   72.1349
144.49   63.4864
180.58   56.6473
229.338   49.7283
278.095   44.5908
350   38.6306
421.906   34.066
505.449   30.1131
588.992   27.1123
695.641   23.9939
802.29   21.5019
962.485   18.7586
1122.68   16.7815
1340.73   14.5855
1558.78   12.7463
1889.66   10.4232
2220.54   8.36686
+KVIDCutLine
OK:PEDESTAL
above
15
5.26817   20.9481
13.2592   17.1815
21.2503   14.264
35.4566   10.717
49.6629   8.56383
72.1562   6.44423
94.6495   5.2048
132.829   3.94292
171.008   3.16902
210.964   2.46974
250.919   1.8797
333.789   1.22724
416.66   1.13325
589.426   0.966436
776.123   0.252959
!
# ASCII file generated by KVIDZAGrid::WriteToAsciiFile
# ID Graph Name : ID_SI2_CSI_642
# This file can be read using KVIDZAGrid::ReadFromAsciiFile
# 
++KVIDZAGrid
<NAME> ID_SI2_CSI_642
<VARX> Q3.FPGAEnergy
<VARY> 1*Q2.FPGAEnergy
<PARAMETER> IDTelescopes=ID_SI2_CSI_642
<PARAMETER> Runlist=51000-76028
<PARAMETER> ManualWidth=0.400000
<PARAMETER> ManualWidthScaling=0.000000
+KVIDZALine
ID:Z=1 A=1
1	1
17
1.12456   13.0675
6.86977   11.4587
11.6128   10.3201
17.7329   9.05502
23.8529   8.08512
36.8581   6.54594
49.7102   5.49168
71.7159   4.31661
93.7493   3.55068
133.908   2.70023
174.066   2.24342
228.084   1.82376
282.101   1.50545
362.418   1.13238
446.66   0.894173
588.945   0.652317
730.549   0.472656
+KVIDZALine
ID:Z=1 A=2
1	2
19
1.12456   17.7463
11.4013   14.6419
19.6213   12.7221
31.7912   10.7141
43.9611   9.34532
63.0699   7.75704
82.1788   6.60181
106.394   5.54594
130.609   4.79864
167.467   4.0013
204.324   3.44897
261.815   2.80136
319.306   2.33538
384.824   1.97436
450.344   1.72371
540.712   1.44884
631.079   1.22639
810.236   0.8953
989.393   0.635735
+KVIDZALine
ID:Z=1 A=3
1	3
21
0.272758   20.8988
8.03843   18.5817
13.5858   17.0958
22.6918   15.0858
31.7978   13.5015
48.1259   11.3952
64.454   9.90711
90.4111   8.15413
116.369   6.91185
145.466   5.93956
174.564   5.24492
215.346   4.49342
256.128   3.92135
302.176   3.43723
348.223   3.0681
416.991   2.63208
485.759   2.29287
615.081   1.83424
744.402   1.54344
946.94   1.21388
1156.54   0.980444
+KVIDZALine
ID:Z=2 A=3
2	3
23
1.39675   47.3744
8.14273   43.5948
14.0792   40.9351
26.222   36.706
38.3647   33.5678
60.7614   29.0996
83.158   25.8752
111.221   22.8039
139.554   20.4406
176.522   17.9721
213.491   16.0394
268.268   13.7814
323.855   12.2122
386.457   10.7675
450.409   9.65762
531.092   8.52858
610.693   7.66752
732.931   6.64375
853.548   5.85915
1018.69   5.02675
1183.14   4.42866
1428.01   3.72793
1646.82   3.2141
+KVIDZALine
ID:Z=2 A=4
2	4
23
1.2277   53.4616
8.7509   49.197
15.3376   46.1998
28.7159   41.4273
42.141   37.8887
66.7768   32.8447
91.5551   29.2041
122.675   25.7438
153.795   23.0794
194.716   20.2918
235.637   18.1067
297.041   15.6559
358.446   13.8651
428.07   12.255
497.692   10.975
588.003   9.71266
678.315   8.76315
813.271   7.66127
948.226   6.79404
1128.53   5.83048
1308.83   5.03824
1592.15   4.07987
1875.49   3.38735
+KVIDZALine
ID:Z=2 A=6
2	6
23
1.51312   62.0623
10.5796   57.5921
19.6461   53.757
35.7921   48.2367
51.9381   43.9843
82.3893   38.0808
112.841   33.9025
150.409   29.8378
187.978   26.6235
238.734   23.3717
289.488   20.9571
364.339   18.1559
439.19   16.0106
526.155   14.1528
613.122   12.7425
724.14   11.2768
835.158   10.1056
1001.91   8.81629
1168.67   7.88708
1395.66   6.85498
1622.64   5.99062
1967.07   4.89875
2311.51   3.93232
+KVIDCutLine
OK:PEDESTAL
above
15
5.48399   9.84535
13.8024   8.0751
22.1209   6.70391
36.9092   5.03686
51.6975   4.02489
75.1122   3.02871
98.5271   2.44619
138.27   1.85312
178.014   1.4894
219.606   1.16075
261.198   0.883433
347.464   0.576789
433.729   0.532612
613.573   0.454213
807.919   0.118888
!
# ASCII file generated by KVIDZAGrid::WriteToAsciiFile
# ID Graph Name : ID_SI2_CSI_821
# This file can be read using KVIDZAGrid::ReadFromAsciiFile
# 
++KVIDZAGrid
<NAME> ID_SI2_CSI_821
<VARX> Q3.FPGAEnergy
<VARY> 1*Q2.FPGAEnergy
<PARAMETER> IDTelescopes=ID_SI2_CSI_821
<PARAMETER> Runlist=51000-76028
<PARAMETER> ManualWidth=0.400000
<PARAMETER> ManualWidthScaling=0.000000
+KVIDZALine
ID:Z=1 A=1
1	1
17
1.294   29.5292
7.9049   25.8937
13.3626   23.3208
20.4049   20.462
27.447   18.2703
42.4118   14.7921
57.2004   12.4098
82.5219   9.75442
107.875   8.02361
154.084   6.10181
200.294   5.06955
262.451   4.12122
324.608   3.40193
417.026   2.5589
513.962   2.0206
677.686   1.47407
840.626   1.06808
+KVIDZALine
ID:Z=1 A=2
1	2
19
1.294   40.1019
13.1192   33.0869
22.5777   28.7486
36.5814   24.2111
50.585   21.118
72.5731   17.5289
94.5613   14.9184
122.426   12.5324
150.289   10.8437
192.7   9.04189
235.111   7.79379
301.265   6.33033
367.418   5.27735
442.809   4.46153
518.201   3.89513
622.185   3.27401
726.168   2.77132
932.321   2.02315
1138.47   1.4366
+KVIDZALine
ID:Z=1 A=3
1	3
21
0.313857   47.2258
9.24964   41.9898
15.6329   38.6321
26.111   34.0899
36.5891   30.5098
55.3774   25.7502
74.1658   22.3875
104.034   18.4262
133.903   15.619
167.385   13.4219
200.867   11.8522
247.794   10.154
294.721   8.86123
347.707   7.76724
400.693   6.93312
479.822   5.94782
558.952   5.1813
707.76   4.14491
856.567   3.48777
1089.62   2.74306
1330.81   2.21555
+KVIDZALine
ID:Z=2 A=3
2	3
23
1.60721   107.054
9.36966   98.5129
16.2006   92.5026
30.173   82.9461
44.1454   75.8545
69.9168   65.7574
95.6881   58.4712
127.98   51.5309
160.582   46.1905
203.12   40.6123
245.659   36.2449
308.69   31.1423
372.653   27.5965
444.688   24.3317
518.276   21.8237
611.115   19.2724
702.711   17.3266
843.368   15.0131
982.159   13.2402
1172.18   11.3591
1361.42   10.0076
1643.18   8.42416
1894.96   7.26304
+KVIDZALine
ID:Z=2 A=4
2	4
23
1.41269   120.809
10.0695   111.172
17.6487   104.4
33.0427   93.6149
48.4907   85.6187
76.8386   74.2204
105.35   65.9937
141.159   58.1743
176.968   52.1536
224.055   45.8541
271.143   40.9164
341.799   35.3783
412.456   31.3315
492.57   27.6931
572.684   24.8007
676.602   21.9481
780.521   19.8025
935.812   17.3125
1091.1   15.3528
1298.57   13.1754
1506.04   11.3851
1832.06   9.21944
2158.08   7.65454
+KVIDZALine
ID:Z=2 A=6
2	6
23
1.74111   140.245
12.1738   130.143
22.6064   121.477
41.1852   109.002
59.764   99.393
94.8036   86.0526
129.843   76.6108
173.073   67.4257
216.302   60.1623
274.706   52.8139
333.108   47.3577
419.236   41.0276
505.366   36.1798
605.435   31.9816
705.506   28.7946
833.252   25.4827
960.997   22.8361
1152.88   19.9225
1344.77   17.8227
1605.96   15.4905
1867.14   13.5372
2263.47   11.0699
2659.8   8.88602
+KVIDCutLine
OK:PEDESTAL
above
15
6.31031   22.2479
15.8821   18.2476
25.454   15.1491
42.4706   11.382
59.4871   9.09521
86.43   6.84409
113.373   5.52776
159.105   4.18758
204.837   3.36566
252.696   2.62299
300.555   1.99633
399.819   1.30339
499.082   1.20356
706.025   1.0264
929.654   0.268655
!
# ASCII file generated by KVIDZAGrid::WriteToAsciiFile
# ID Graph Name : ID_SI2_CSI_824
# This file can be read using KVIDZAGrid::ReadFromAsciiFile
# 
++KVIDZAGrid
<NAME> ID_SI2_CSI_824
<VARX> Q3.FPGAEnergy
<VARY> 1*Q2.FPGAEnergy
<PARAMETER> IDTelescopes=ID_SI2_CSI_824
<PARAMETER> Runlist=51000-76028
<PARAMETER> ManualWidth=0.400000
<PARAMETER> ManualWidthScaling=0.000000
+KVIDZALine
ID:Z=1 A=1
1	1
17
1.25567   29.2346
7.67069   25.6354
12.9667   23.0882
19.8003   20.2579
26.6338   18.088
41.1552   14.6446
55.5057   12.286
80.077   9.65712
104.679   7.94358
149.519   6.04095
194.359   5.01898
254.675   4.08012
314.991   3.368
404.671   2.53337
498.735   2.00044
657.608   1.45936
815.721   1.05742
+KVIDZALine
ID:Z=1 A=2
1	2
19
1.25567   39.7019
12.7305   32.7569
21.9088   28.4618
35.4976   23.9696
49.0863   20.9074
70.423   17.354
91.7597   14.7696
118.798   12.4074
145.837   10.7355
186.991   8.9517
228.146   7.71604
292.339   6.26719
356.532   5.22471
429.69   4.41703
502.848   3.85628
603.751   3.24135
704.654   2.74368
904.699   2.00297
1104.74   1.42227
+KVIDZALine
ID:Z=1 A=3
1	3
21
0.304558   46.7547
8.9756   41.571
15.1697   38.2467
25.3374   33.7498
35.505   30.2055
53.7367   25.4933
71.9684   22.1642
100.952   18.2424
129.936   15.4632
162.426   13.288
194.916   11.7339
240.452   10.0527
285.989   8.77284
337.405   7.68977
388.821   6.86396
465.606   5.88849
542.391   5.12961
686.791   4.10356
831.189   3.45298
1057.34   2.71569
1291.38   2.19345
+KVIDZALine
ID:Z=2 A=3
2	3
23
1.55959   105.986
9.09206   97.5302
15.7206   91.5799
29.2791   82.1187
42.8375   75.0978
67.8453   65.1015
92.8531   57.888
124.188   51.0168
155.824   45.7298
197.102   40.2072
238.381   35.8833
299.545   30.8316
361.612   27.3212
431.513   24.089
502.92   21.606
593.01   19.0801
681.892   17.1538
818.381   14.8634
953.06   13.1081
1137.45   11.2458
1321.08   9.90779
1594.5   8.34013
1838.82   7.19059
+KVIDZALine
ID:Z=2 A=4
2	4
23
1.37084   119.604
9.77113   110.064
17.1258   103.358
32.0637   92.6811
47.0541   84.7647
74.5621   73.4801
102.229   65.3354
136.977   57.594
171.725   51.6333
217.417   45.3967
263.109   40.5083
331.672   35.0254
400.236   31.0189
477.977   27.4169
555.717   24.5533
656.556   21.7292
757.397   19.6049
908.087   17.1398
1058.78   15.1996
1260.1   13.0439
1461.42   11.2716
1777.78   9.12748
2094.14   7.57818
+KVIDZALine
ID:Z=2 A=6
2	6
23
1.68952   138.846
11.8131   128.845
21.9366   120.265
39.965   107.915
57.9934   98.4016
91.9948   85.1942
125.996   75.8466
167.945   66.7531
209.894   59.5621
266.567   52.2871
323.239   46.8853
406.815   40.6183
490.393   35.8189
587.498   31.6626
684.603   28.5074
808.564   25.2285
932.525   22.6083
1118.72   19.7238
1304.92   17.645
1558.37   15.336
1811.82   13.4022
2196.41   10.9595
2581   8.79738
+KVIDCutLine
OK:PEDESTAL
above
15
6.12335   22.026
15.4116   18.0656
24.6999   14.998
41.2123   11.2685
57.7247   9.00448
83.8693   6.77582
110.014   5.47262
154.391   4.14581
198.768   3.33208
245.21   2.59682
291.65   1.97642
387.973   1.29039
484.296   1.19156
685.107   1.01616
902.111   0.265975
!
# ASCII file generated by KVIDZAGrid::WriteToAsciiFile
# ID Graph Name : ID_SI2_CSI_913
# This file can be read using KVIDZAGrid::ReadFromAsciiFile
# 
++KVIDZAGrid
<NAME> ID_SI2_CSI_913
<VARX> Q3.FPGAEnergy
<VARY> 1*Q2.FPGAEnergy
<PARAMETER> IDTelescopes=ID_SI2_CSI_913
<PARAMETER> Runlist=51000-76028
<PARAMETER> ManualWidth=0.400000
<PARAMETER> ManualWidthScaling=0.000000
+KVIDZALine
ID:Z=1 A=1
1	1
17
1.25567   28.943
7.67069   25.3797
12.9667   22.8579
19.8003   20.0558
26.6338   17.9076
41.1552   14.4985
55.5057   12.1634
80.077   9.56079
104.679   7.86434
149.519   5.98069
194.359   4.96892
254.675   4.03942
314.991   3.3344
404.671   2.5081
498.735   1.98049
657.608   1.44481
815.721   1.04688
+KVIDZALine
ID:Z=1 A=2
1	2
19
1.25567   39.3059
12.7305   32.4301
21.9088   28.1779
35.4976   23.7305
49.0863   20.6988
70.423   17.1809
91.7597   14.6222
118.798   12.2836
145.837   10.6284
186.991   8.8624
228.146   7.63908
292.339   6.20467
356.532   5.17259
429.69   4.37297
502.848   3.81781
603.751   3.20902
704.654   2.71631
904.699   1.98299
1104.74   1.40808
+KVIDZALine
ID:Z=1 A=3
1	3
21
0.304558   46.2883
8.9756   41.1563
15.1697   37.8652
25.3374   33.4132
35.505   29.9042
53.7367   25.239
71.9684   21.9431
100.952   18.0605
129.936   15.3089
162.426   13.1554
194.916   11.6169
240.452   9.9524
285.989   8.68533
337.405   7.61306
388.821   6.79549
465.606   5.82975
542.391   5.07844
686.791   4.06263
831.189   3.41854
1057.34   2.68861
1291.38   2.17157
+KVIDZALine
ID:Z=2 A=3
2	3
23
1.55959   104.929
9.09206   96.5573
15.7206   90.6664
29.2791   81.2996
42.8375   74.3487
67.8453   64.4521
92.8531   57.3105
124.188   50.508
155.824   45.2736
197.102   39.8061
238.381   35.5254
299.545   30.5241
361.612   27.0487
431.513   23.8487
502.92   21.3905
593.01   18.8898
681.892   16.9827
818.381   14.7151
953.06   12.9773
1137.45   11.1337
1321.08   9.80896
1594.5   8.25694
1838.82   7.11886
+KVIDZALine
ID:Z=2 A=4
2	4
23
1.37084   118.411
9.77113   108.966
17.1258   102.327
32.0637   91.7566
47.0541   83.9191
74.5621   72.7471
102.229   64.6837
136.977   57.0195
171.725   51.1183
217.417   44.9439
263.109   40.1042
331.672   34.676
400.236   30.7095
477.977   27.1434
555.717   24.3084
656.556   21.5124
757.397   19.4094
908.087   16.9688
1058.78   15.048
1260.1   12.9138
1461.42   11.1591
1777.78   9.03643
2094.14   7.50259
+KVIDZALine
ID:Z=2 A=6
2	6
23
1.68952   137.461
11.8131   127.56
21.9366   119.065
39.965   106.839
57.9934   97.42
91.9948   84.3444
125.996   75.0901
167.945   66.0872
209.894   58.968
266.567   51.7655
323.239   46.4176
406.815   40.2132
490.393   35.4616
587.498   31.3467
684.603   28.223
808.564   24.9769
932.525   22.3828
1118.72   19.527
1304.92   17.469
1558.37   15.183
1811.82   13.2685
2196.41   10.8502
2581   8.70962
+KVIDCutLine
OK:PEDESTAL
above
15
6.12335   21.8063
15.4116   17.8854
24.6999   14.8484
41.2123   11.156
57.7247   8.91466
83.8693   6.70823
110.014   5.41803
154.391   4.10446
198.768   3.29885
245.21   2.57092
291.65   1.9567
387.973   1.27752
484.296   1.17967
685.107   1.00603
902.111   0.263322
!
# ASCII file generated by KVIDZAGrid::WriteToAsciiFile
# ID Graph Name : ID_SI2_CSI_921
# This file can be read using KVIDZAGrid::ReadFromAsciiFile
# 
++KVIDZAGrid
<NAME> ID_SI2_CSI_921
<VARX> Q3.FPGAEnergy
<VARY> 1*Q2.FPGAEnergy
<PARAMETER> IDTelescopes=ID_SI2_CSI_921
<PARAMETER> Runlist=51000-76028
<PARAMETER> ManualWidth=0.400000
<PARAMETER> ManualWidthScaling=0.000000
+KVIDZALine
ID:Z=1 A=1
1	1
17
1.11334   28.6529
6.80125   25.1253
11.4969   22.6287
17.556   19.8548
23.615   17.7281
36.4904   14.3532
49.2144   12.0415
71.0006   9.46495
92.8142   7.7855
132.572   5.92074
172.329   4.9191
225.808   3.99892
279.287   3.30098
358.803   2.48296
442.205   1.96063
583.07   1.43032
723.261   1.03638
+KVIDZALine
ID:Z=1 A=2
1	2
19
1.11334   38.9119
11.2876   32.105
19.4255   27.8954
31.4741   23.4926
43.5226   20.4913
62.4408   17.0087
81.359   14.4756
105.333   12.1605
129.307   10.5219
165.796   8.77356
202.286   7.5625
259.203   6.14248
316.121   5.12074
380.986   4.32913
445.852   3.77954
535.318   3.17685
624.784   2.68908
802.154   1.96311
979.524   1.39396
+KVIDZALine
ID:Z=1 A=3
1	3
21
0.270037   45.8243
7.95825   40.7437
13.4503   37.4857
22.4655   33.0782
31.4807   29.6044
47.6458   24.986
63.811   21.7231
89.5093   17.8794
115.208   15.1555
144.015   13.0236
172.823   11.5004
213.198   9.85263
253.573   8.59826
299.162   7.53674
344.75   6.72737
412.832   5.77131
480.913   5.02754
608.946   4.0219
736.977   3.38427
937.494   2.66165
1145.01   2.1498
+KVIDZALine
ID:Z=2 A=3
2	3
23
1.38282   103.877
8.06151   95.5894
13.9387   89.7575
25.9604   80.4846
37.982   73.6034
60.1553   63.806
82.3285   56.736
110.112   50.0016
138.162   44.8198
174.761   39.4071
211.361   35.1692
265.592   30.2181
320.625   26.7775
382.602   23.6097
445.916   21.1761
525.794   18.7005
604.602   16.8124
725.62   14.5676
845.034   12.8472
1008.53   11.0221
1171.34   9.71063
1413.77   8.17416
1630.4   7.0475
+KVIDZALine
ID:Z=2 A=4
2	4
23
1.21546   117.224
8.66361   107.873
15.1846   101.301
28.4294   90.8367
41.7207   83.0779
66.1107   72.0179
90.6418   64.0352
121.451   56.4479
152.26   50.6058
192.774   44.4934
233.287   39.7022
294.078   34.3284
354.87   30.4017
423.8   26.8713
492.728   24.0647
582.138   21.2968
671.548   19.2148
805.158   16.7987
938.767   14.8972
1117.27   12.7844
1295.77   11.0473
1576.27   8.94585
1856.78   7.42738
+KVIDZALine
ID:Z=2 A=6
2	6
23
1.49802   136.083
10.4741   126.281
19.4502   117.872
35.4351   105.768
51.42   96.4435
81.5675   83.4989
111.715   74.3373
148.909   65.4247
186.103   58.3769
236.352   51.2466
286.601   45.9523
360.704   39.8101
434.809   35.1061
520.907   31.0325
607.006   27.9401
716.916   24.7265
826.827   22.1584
991.921   19.3313
1157.01   17.2938
1381.74   15.0308
1606.45   13.1355
1947.45   10.7414
2288.45   8.62231
+KVIDCutLine
OK:PEDESTAL
above
15
5.42929   21.5877
13.6647   17.7061
21.9002   14.6995
36.541   11.0442
51.1818   8.8253
74.363   6.64098
97.5443   5.36372
136.891   4.06331
176.238   3.26578
217.416   2.54515
258.593   1.93709
343.998   1.26471
429.403   1.16785
607.453   0.995943
799.86   0.260682
!
# ASCII file generated by KVIDZAGrid::WriteToAsciiFile
# ID Graph Name : ID_SI2_CSI_944
# This file can be read using KVIDZAGrid::ReadFromAsciiFile
# 
++KVIDZAGrid
<NAME> ID_SI2_CSI_944
<VARX> Q3.FPGAEnergy
<VARY> 1*Q2.FPGAEnergy
<PARAMETER> IDTelescopes=ID_SI2_CSI_944
<PARAMETER> Runlist=51000-76028
<PARAMETER> ManualWidth=0.400000
<PARAMETER> ManualWidthScaling=0.000000
+KVIDZALine
ID:Z=1 A=1
1	1
17
1.32014   29.8267
8.06459   26.1546
13.6325   23.5558
20.8171   20.6682
28.0015   18.4544
43.2685   14.9412
58.356   12.5348
84.189   9.8527
110.054   8.10445
157.197   6.16329
204.34   5.12063
267.753   4.16275
331.165   3.43621
425.451   2.58468
524.345   2.04096
691.376   1.48892
857.608   1.07884
+KVIDZALine
ID:Z=1 A=2
1	2
19
1.32014   40.506
13.3842   33.4203
23.0338   29.0382
37.3204   24.455
51.6069   21.3308
74.0392   17.7055
96.4716   15.0687
124.899   12.6587
153.325   10.9529
196.593   9.13299
239.861   7.87231
307.351   6.39412
374.84   5.33052
451.754   4.50648
528.67   3.93438
634.754   3.307
740.838   2.79925
951.155   2.04353
1161.47   1.45107
+KVIDZALine
ID:Z=1 A=3
1	3
21
0.320197   47.7016
9.4365   42.4129
15.9487   39.0213
26.6385   34.4334
37.3282   30.8172
56.4961   26.0096
75.664   22.6131
106.136   18.6119
136.608   15.7763
170.766   13.5571
204.925   11.9716
252.799   10.2563
300.675   8.95051
354.731   7.8455
408.788   7.00297
489.516   6.00775
570.243   5.2335
722.058   4.18667
873.871   3.52291
1111.63   2.77069
1357.69   2.23787
+KVIDZALine
ID:Z=2 A=3
2	3
23
1.63968   108.133
9.55894   99.5054
16.5279   93.4346
30.7826   83.7819
45.0372   76.6187
71.3292   66.42
97.6211   59.0603
130.565   52.0501
163.826   46.6559
207.224   41.0215
250.621   36.61
314.926   31.4561
380.181   27.8745
453.671   24.5769
528.746   22.0436
623.461   19.4666
716.907   17.5012
860.405   15.1644
1002   13.3736
1195.86   11.4736
1388.92   10.1085
1676.38   8.50904
1933.24   7.33621
+KVIDZALine
ID:Z=2 A=4
2	4
23
1.44123   122.027
10.2729   112.293
18.0052   105.452
33.7102   94.5581
49.4703   86.4814
78.3909   74.9683
107.479   66.6586
144.011   58.7605
180.543   52.679
228.582   46.3161
276.62   41.3287
348.704   35.7348
420.788   31.6471
502.521   27.9722
584.253   25.0506
690.27   22.1692
796.289   20.002
954.717   17.4869
1113.14   15.5075
1324.8   13.3081
1536.46   11.4998
1869.07   9.31233
2201.68   7.73166
+KVIDZALine
ID:Z=2 A=6
2	6
23
1.77628   141.658
12.4197   131.455
23.063   122.701
42.0172   110.101
60.9714   100.394
96.7188   86.9196
132.466   77.3827
176.569   68.105
220.672   60.7684
280.255   53.346
339.837   47.8348
427.706   41.441
515.575   36.5443
617.666   32.3038
719.758   29.0848
850.084   25.7395
980.411   23.0662
1176.17   20.1232
1371.93   18.0023
1638.4   15.6466
1904.85   13.6736
2309.19   11.1814
2713.53   8.97555
+KVIDCutLine
OK:PEDESTAL
above
15
6.43779   22.4721
16.203   18.4315
25.9682   15.3017
43.3285   11.4967
60.6889   9.18685
88.176   6.91305
115.663   5.58345
162.319   4.22977
208.975   3.39957
257.801   2.64942
306.627   2.01644
407.896   1.31653
509.165   1.21569
720.288   1.03674
948.435   0.271362
!
# ASCII file generated by KVIDZAGrid::WriteToAsciiFile
# ID Graph Name : ID_SI2_CSI_1123
# This file can be read using KVIDZAGrid::ReadFromAsciiFile
# 
++KVIDZAGrid
<NAME> ID_SI2_CSI_1123
<VARX> Q3.FPGAEnergy
<VARY> 1*Q2.FPGAEnergy
<PARAMETER> IDTelescopes=ID_SI2_CSI_1123
<PARAMETER> Runlist=51000-76028
<PARAMETER> ManualWidth=0.400000
<PARAMETER> ManualWidthScaling=0.000000
+KVIDZALine
ID:Z=1 A=1
1	1
17
1.32021   28.943
8.06499   25.3797
13.6332   22.8579
20.8181   20.0558
28.0029   17.9076
43.2707   14.4985
58.3589   12.1634
84.1932   9.56079
110.06   7.86434
157.205   5.98069
204.35   4.96892
267.766   4.03942
331.182   3.3344
425.472   2.5081
524.371   1.98049
691.411   1.44481
857.651   1.04688
+KVIDZALine
ID:Z=1 A=2
1	2
19
1.32021   39.3059
13.3849   32.4301
23.035   28.1779
37.3223   23.7305
51.6095   20.6988
74.0429   17.1809
96.4764   14.6222
124.905   12.2836
153.333   10.6284
196.603   8.8624
239.873   7.63908
307.366   6.20467
374.859   5.17259
451.777   4.37297
528.696   3.81781
634.786   3.20902
740.875   2.71631
951.203   1.98299
1161.53   1.40808
+KVIDZALine
ID:Z=1 A=3
1	3
21
0.320213   46.2883
9.43697   41.1563
15.9495   37.8652
26.6398   33.4132
37.3301   29.9042
56.4989   25.239
75.6678   21.9431
106.141   18.0605
136.615   15.3089
170.775   13.1554
204.935   11.6169
252.812   9.9524
300.69   8.68533
354.749   7.61306
408.808   6.79549
489.54   5.82975
570.272   5.07844
722.094   4.06263
873.915   3.41854
1111.69   2.68861
1357.76   2.17157
+KVIDZALine
ID:Z=2 A=3
2	3
23
1.63976   104.929
9.55942   96.5573
16.5287   90.6664
30.7841   81.2996
45.0395   74.3487
71.3328   64.4521
97.626   57.3105
130.572   50.508
163.834   45.2736
207.234   39.8061
250.634   35.5254
314.942   30.5241
380.2   27.0487
453.694   23.8487
528.772   21.3905
623.492   18.8898
716.943   16.9827
860.448   14.7151
1002.05   12.9773
1195.92   11.1337
1388.99   9.80896
1676.46   8.25694
1933.34   7.11886
+KVIDZALine
ID:Z=2 A=4
2	4
23
1.4413   118.411
10.2734   108.966
18.0061   102.327
33.7119   91.7566
49.4728   83.9191
78.3948   72.7471
107.484   64.6837
144.018   57.0195
180.552   51.1183
228.593   44.9439
276.634   40.1042
348.721   34.676
420.809   30.7095
502.546   27.1434
584.282   24.3084
690.305   21.5124
796.329   19.4094
954.765   16.9688
1113.2   15.048
1324.87   12.9138
1536.54   11.1591
1869.16   9.03643
2201.79   7.50259
+KVIDZALine
ID:Z=2 A=6
2	6
23
1.77637   137.461
12.4203   127.56
23.0642   119.065
42.0193   106.839
60.9744   97.42
96.7236   84.3444
132.473   75.0901
176.578   66.0872
220.683   58.968
280.269   51.7655
339.854   46.4176
427.727   40.2132
515.601   35.4616
617.697   31.3467
719.794   28.223
850.127   24.9769
980.46   22.3828
1176.23   19.527
1372   17.469
1638.48   15.183
1904.95   13.2685
2309.31   10.8502
2713.67   8.70962
+KVIDCutLine
OK:PEDESTAL
above
15
6.43811   21.8063
16.2038   17.8854
25.9695   14.8484
43.3307   11.156
60.6919   8.91466
88.1804   6.70823
115.669   5.41803
162.327   4.10446
208.985   3.29885
257.814   2.57092
306.642   1.9567
407.916   1.27752
509.19   1.17967
720.324   1.00603
948.482   0.263322
!
# ASCII file generated by KVIDZAGrid::WriteToAsciiFile
# ID Graph Name : ID_SI2_CSI_1124
# This file can be read using KVIDZAGrid::ReadFromAsciiFile
# 
++KVIDZAGrid
<NAME> ID_SI2_CSI_1124
<VARX> Q3.FPGAEnergy
<VARY> 1*Q2.FPGAEnergy
<PARAMETER> IDTelescopes=ID_SI2_CSI_1124
<PARAMETER> Runlist=51000-76028
<PARAMETER> ManualWidth=0.400000
<PARAMETER> ManualWidthScaling=0.000000
+KVIDZALine
ID:Z=1 A=1
1	1
17
1.34681   29.8267
8.2275   26.1546
13.9079   23.5558
21.2376   20.6682
28.5672   18.4544
44.1426   14.9412
59.5349   12.5348
85.8897   9.8527
112.278   8.10445
160.373   6.16329
208.468   5.12063
273.162   4.16275
337.855   3.43621
434.045   2.58468
534.937   2.04096
705.343   1.48892
874.933   1.07884
+KVIDZALine
ID:Z=1 A=2
1	2
19
1.34681   40.506
13.6546   33.4203
23.4992   29.0382
38.0744   24.455
52.6495   21.3308
75.5349   17.7055
98.4204   15.0687
127.422   12.6587
156.423   10.9529
200.565   9.13299
244.707   7.87231
313.56   6.39412
382.413   5.33052
460.881   4.50648
539.349   3.93438
647.577   3.307
755.804   2.79925
970.37   2.04353
1184.94   1.45107
+KVIDZALine
ID:Z=1 A=3
1	3
21
0.326665   47.7016
9.62713   42.4129
16.2709   39.0213
27.1766   34.4334
38.0823   30.8172
57.6374   26.0096
77.1925   22.6131
108.28   18.6119
139.368   15.7763
174.216   13.5571
209.065   11.9716
257.906   10.2563
306.749   8.95051
361.897   7.8455
417.046   7.00297
499.404   6.00775
581.763   5.2335
736.645   4.18667
891.525   3.52291
1134.09   2.77069
1385.12   2.23787
+KVIDZALine
ID:Z=2 A=3
2	3
23
1.6728   108.133
9.75205   99.5054
16.8618   93.4346
31.4044   83.7819
45.9471   76.6187
72.7702   66.42
99.5932   59.0603
133.203   52.0501
167.135   46.6559
211.41   41.0215
255.684   36.61
321.288   31.4561
387.861   27.8745
462.836   24.5769
539.427   22.0436
636.056   19.4666
731.39   17.5012
877.786   15.1644
1022.24   13.3736
1220.02   11.4736
1416.98   10.1085
1710.24   8.50904
1972.3   7.33621
+KVIDZALine
ID:Z=2 A=4
2	4
23
1.47034   122.027
10.4804   112.293
18.3689   105.452
34.3912   94.5581
50.4697   86.4814
79.9745   74.9683
109.65   66.6586
146.92   58.7605
184.19   52.679
233.199   46.3161
282.208   41.3287
355.748   35.7348
429.289   31.6471
512.673   27.9722
596.056   25.0506
704.215   22.1692
812.375   20.002
974.004   17.4869
1135.63   15.5075
1351.57   13.3081
1567.5   11.4998
1906.82   9.31233
2246.16   7.73166
+KVIDZALine
ID:Z=2 A=6
2	6
23
1.81216   141.658
12.6706   131.455
23.529   122.701
42.866   110.101
62.2031   100.394
98.6726   86.9196
135.142   77.3827
180.136   68.105
225.13   60.7684
285.917   53.346
346.702   47.8348
436.346   41.441
525.991   36.5443
630.144   32.3038
734.298   29.0848
867.257   25.7395
1000.22   23.0662
1199.93   20.1232
1399.65   18.0023
1671.5   15.6466
1943.34   13.6736
2355.84   11.1814
2768.35   8.97555
+KVIDCutLine
OK:PEDESTAL
above
15
6.56784   22.4721
16.5303   18.4315
26.4928   15.3017
44.2038   11.4967
61.9149   9.18685
89.9573   6.91305
118   5.58345
165.598   4.22977
213.196   3.39957
263.009   2.64942
312.821   2.01644
416.136   1.31653
519.45   1.21569
734.839   1.03674
967.594   0.271362
!
