# ASCII file generated by KVIDZAGrid::WriteToAsciiFile
# ID Graph Name : ID_SI2_CSI_14
# This file can be read using KVIDZAGrid::ReadFromAsciiFile
# 
++KVIDZAGrid
<NAME> ID_SI2_CSI_14
<VARX> Q3.FPGAEnergy
<VARY> 1*Q2.FPGAEnergy
<PARAMETER> IDTelescopes=ID_SI2_CSI_14
<PARAMETER> Runlist=83000-127081
<PARAMETER> ManualWidth=0.400000
<PARAMETER> ManualWidthScaling=0.000000
+KVIDZALine
ID:Z=1 A=1
1	1
17
1.17646   22.5085
7.18609   19.71
12.1475   17.7297
18.5495   15.5296
24.9515   13.8433
38.5563   11.1683
52.0013   9.33723
75.0223   7.29877
98.0725   5.97249
140.084   4.50476
182.096   3.7222
238.608   3.00864
295.119   2.4715
379.143   1.84727
467.275   1.45899
616.129   1.08254
764.269   0.81414
+KVIDZALine
ID:Z=1 A=2
1	2
19
1.17646   30.5676
11.926   25.1674
20.5245   21.8282
33.2553   18.337
45.9863   15.9583
65.9765   13.1998
85.9669   11.195
111.3   9.36467
136.632   8.07154
175.191   6.69524
213.75   5.74544
273.894   4.63623
334.039   3.84319
402.583   3.23535
471.127   2.81963
565.666   2.36956
660.205   2.01071
847.634   1.49062
1035.06   1.09504
+KVIDZALine
ID:Z=1 A=3
1	3
21
0.285348   35.9977
8.40834   31.967
14.2111   29.3824
23.7365   25.8866
33.2621   23.1318
50.3428   19.4707
67.4239   16.8856
94.5785   13.8425
121.734   11.6882
152.175   10.005
182.615   8.80502
225.279   7.50965
267.944   6.52663
316.118   5.69835
364.29   5.07023
436.233   4.33276
508.175   3.7638
643.467   3.00587
778.759   2.54008
990.646   2.02968
1209.92   1.68879
+KVIDZALine
ID:Z=2 A=3
2	3
23
1.46122   81.6015
8.5157   75.026
14.7242   70.3994
27.4243   63.0443
40.1253   57.5879
63.5527   49.8214
86.981   44.22
116.338   38.8878
145.977   34.7882
184.65   30.5095
223.325   27.1634
280.63   23.2596
338.782   20.5555
404.274   18.0712
471.178   16.1704
555.586   14.2445
638.863   12.7844
766.745   11.0618
892.931   9.75477
1065.69   8.38612
1237.75   7.425
1493.93   6.32429
1722.83   5.53623
+KVIDZALine
ID:Z=2 A=4
2	4
23
1.28437   92.0865
9.15158   84.6673
16.0401   79.4537
30.0323   71.1531
44.0746   65.0004
69.8441   56.2328
95.7637   49.9081
128.318   43.9001
160.872   39.2777
203.681   34.4453
246.491   30.6618
310.728   26.4257
374.967   23.3383
447.805   20.5695
520.641   18.3753
615.121   16.2217
709.603   14.6126
850.79   12.76
991.976   11.3158
1180.61   9.72588
1369.23   8.4341
1665.64   6.903
1962.05   5.83465
+KVIDZALine
ID:Z=2 A=6
2	6
23
1.58295   106.901
11.0648   99.1247
20.5471   92.4532
37.4344   82.8521
54.3229   75.4577
86.1758   65.196
118.03   57.9372
157.331   50.8794
196.632   45.3017
249.728   39.6647
302.825   35.4852
381.13   30.6435
459.436   26.9435
550.415   23.7495
641.397   21.3343
757.54   18.8339
873.683   16.8458
1048.14   14.6776
1222.6   13.1362
1460.06   11.4432
1697.53   10.0421
2057.87   8.29856
2418.21   6.77334
+KVIDCutLine
OK:PEDESTAL
above
15
5.73713   16.9584
14.4389   13.879
23.1408   11.4941
38.6112   8.59561
54.0818   6.83743
78.5771   5.1086
103.073   4.09982
144.65   3.07625
186.228   2.45188
229.741   1.88897
273.253   1.4154
363.5   0.900615
453.748   0.842685
641.894   0.745742
845.21   0.204781
!
# ASCII file generated by KVIDZAGrid::WriteToAsciiFile
# ID Graph Name : ID_SI2_CSI_31
# This file can be read using KVIDZAGrid::ReadFromAsciiFile
# 
++KVIDZAGrid
<NAME> ID_SI2_CSI_31
<VARX> Q3.FPGAEnergy
<VARY> 1*Q2.FPGAEnergy
<PARAMETER> IDTelescopes=ID_SI2_CSI_31
<PARAMETER> Runlist=83000-127081
<PARAMETER> ManualWidth=0.400000
<PARAMETER> ManualWidthScaling=0.000000
+KVIDZALine
ID:Z=1 A=1
1	1
17
0.997096   30.1242
6.09111   26.4155
10.2965   23.7907
15.7229   20.8743
21.1493   18.6384
32.6803   15.0902
44.0758   12.6599
63.5871   9.95098
83.1231   8.18529
118.73   6.22476
154.336   5.1717
202.231   4.20427
250.126   3.47049
321.339   2.61046
396.033   2.06131
522.19   1.50377
647.744   1.0896
+KVIDZALine
ID:Z=1 A=2
1	2
19
0.997096   40.9101
10.109   33.7536
17.3972   29.3279
28.1878   24.6989
38.9782   21.5435
55.9211   17.8821
72.8641   15.219
94.3349   12.7849
115.805   11.0622
148.485   9.22408
181.165   7.95084
232.139   6.4579
283.113   5.3837
341.206   4.55144
399.299   3.97362
479.424   3.33998
559.549   2.82717
718.399   2.06392
877.249   1.46555
+KVIDZALine
ID:Z=1 A=3
1	3
21
0.241842   48.1774
7.12731   42.8359
12.0459   39.4106
20.1198   34.7768
28.1937   31.1246
42.671   26.269
57.1483   22.8386
80.1634   18.7975
103.179   15.9338
128.978   13.6923
154.778   12.091
190.937   10.3586
227.098   9.03978
267.925   7.92376
308.753   7.07282
369.727   6.06767
430.7   5.2857
545.364   4.22843
660.027   3.55806
839.608   2.79833
1025.45   2.26019
+KVIDZALine
ID:Z=2 A=3
2	3
23
1.23843   109.211
7.21978   100.498
12.4833   94.3665
23.2498   84.6176
34.0163   77.383
53.8743   67.0825
73.7323   59.6495
98.6149   52.5693
123.737   47.1213
156.514   41.4306
189.292   36.9752
237.861   31.7698
287.147   28.1526
342.654   24.822
399.357   22.2635
470.895   19.6607
541.474   17.6757
649.856   15.3157
756.801   13.507
903.223   11.588
1049.04   10.2092
1266.16   8.59391
1460.16   7.40939
+KVIDZALine
ID:Z=2 A=4
2	4
23
1.08855   123.243
7.75901   113.413
13.5992   106.503
25.461   95.5013
37.3645   87.3439
59.2079   75.716
81.1776   67.3234
108.77   59.3465
136.363   53.2045
172.646   46.7781
208.928   41.7409
263.373   36.0912
317.817   31.9628
379.549   28.2512
441.281   25.3005
521.355   22.3903
601.43   20.2015
721.089   17.6613
840.748   15.6622
1000.62   13.4408
1160.48   11.6146
1411.69   9.40522
1662.91   7.80878
+KVIDZALine
ID:Z=2 A=6
2	6
23
1.34161   143.071
9.38047   132.766
17.4193   123.925
31.7352   111.199
46.0511   101.395
73.0508   87.7866
100.051   78.1546
133.361   68.7843
166.672   61.3746
211.674   53.8781
256.676   48.3119
323.042   41.8543
389.409   36.9088
466.518   32.626
543.627   29.3749
642.061   25.9962
740.495   23.2962
888.351   20.3239
1036.21   18.1819
1237.47   15.8026
1438.72   13.81
1744.12   11.293
2049.51   9.06508
+KVIDCutLine
OK:PEDESTAL
above
15
4.8624   22.6963
12.2379   18.6154
19.6135   15.4544
32.7256   11.6113
45.8377   9.27848
66.5985   6.982
87.3594   5.63914
122.598   4.27196
157.837   3.43348
194.715   2.67584
231.592   2.03655
308.08   1.32966
384.567   1.22782
544.027   1.04708
716.344   0.274068
!
# ASCII file generated by KVIDZAGrid::WriteToAsciiFile
# ID Graph Name : ID_SI2_CSI_34
# This file can be read using KVIDZAGrid::ReadFromAsciiFile
# 
++KVIDZAGrid
<NAME> ID_SI2_CSI_34
<VARX> Q3.FPGAEnergy
<VARY> 1*Q2.FPGAEnergy
<PARAMETER> IDTelescopes=ID_SI2_CSI_34
<PARAMETER> Runlist=83000-127081
<PARAMETER> ManualWidth=0.400000
<PARAMETER> ManualWidthScaling=0.000000
+KVIDZALine
ID:Z=1 A=1
1	1
17
0.502839   20.4224
3.07178   17.9081
5.19259   16.1287
7.92916   14.1515
10.6657   12.6357
16.4809   10.2302
22.2276   8.58261
32.0673   6.74616
41.9194   5.54914
59.8759   4.22002
77.8324   3.5061
101.986   2.85024
126.14   2.35278
162.053   1.76973
199.721   1.39745
263.343   1.01947
326.66   0.738684
+KVIDZALine
ID:Z=1 A=2
1	2
19
0.502839   27.7345
5.09801   22.8829
8.77353   19.8825
14.2152   16.7444
19.6569   14.6052
28.2013   12.123
36.7457   10.3176
47.5736   8.66741
58.4012   7.4995
74.8818   6.25338
91.3624   5.39019
117.069   4.37807
142.776   3.64982
172.072   3.0856
201.369   2.69388
241.776   2.26431
282.183   1.91665
362.292   1.39921
442.401   0.993551
+KVIDZALine
ID:Z=1 A=3
1	3
21
0.121962   32.6614
3.59433   29.0402
6.07481   26.718
10.1465   23.5766
14.2182   21.1006
21.5192   17.8089
28.8202   15.4832
40.4268   12.7436
52.0337   10.8021
65.0444   9.28258
78.0552   8.19697
96.2905   7.02249
114.526   6.12843
135.116   5.37183
155.706   4.79495
186.455   4.11352
217.204   3.58339
275.03   2.86662
332.855   2.41215
423.418   1.8971
517.141   1.53228
+KVIDZALine
ID:Z=2 A=3
2	3
23
0.624549   74.0386
3.64097   68.1316
6.29542   63.9749
11.725   57.3656
17.1546   52.461
27.1691   45.4779
37.1836   40.4387
49.732   35.6388
62.4008   31.9454
78.9309   28.0875
95.461   25.067
119.954   21.538
144.81   19.0858
172.802   16.8278
201.398   15.0933
237.474   13.3288
273.068   11.9831
327.726   10.3831
381.659   9.1569
455.5   7.856
529.036   6.92128
638.527   5.82616
736.367   5.02312
+KVIDZALine
ID:Z=2 A=4
2	4
23
0.548959   83.5518
3.91291   76.887
6.85813   72.2029
12.8401   64.7441
18.8431   59.214
29.8589   51.3309
40.9383   45.6413
54.8533   40.2334
68.7683   36.0694
87.066   31.7128
105.364   28.2978
132.82   24.4677
160.277   21.6689
191.409   19.1526
222.54   17.1522
262.922   15.1793
303.304   13.6954
363.649   11.9733
423.993   10.618
504.614   9.11209
585.234   7.87396
711.922   6.37618
838.613   5.29388
+KVIDZALine
ID:Z=2 A=6
2	6
23
0.67658   96.9934
4.73062   90.0072
8.78465   84.0135
16.0042   75.3862
23.2238   68.7403
36.8399   59.5141
50.4561   52.9841
67.2547   46.6316
84.0533   41.6083
106.748   36.5261
129.443   32.7526
162.912   28.3747
196.381   25.022
235.267   22.1185
274.154   19.9144
323.795   17.6239
373.436   15.7935
448   13.7784
522.565   12.3262
624.061   10.7132
725.554   9.36237
879.565   7.65596
1033.58   6.14558
+KVIDCutLine
OK:PEDESTAL
above
15
2.45213   15.3867
6.17167   12.6201
9.89121   10.4771
16.5037   7.87179
23.1162   6.29025
33.586   4.73338
44.0558   3.823
61.8268   2.89613
79.5978   2.32769
98.1957   1.81406
116.793   1.38066
155.366   0.901428
193.939   0.832386
274.356   0.709861
361.256   0.185802
!
# ASCII file generated by KVIDZAGrid::WriteToAsciiFile
# ID Graph Name : ID_SI2_CSI_41
# This file can be read using KVIDZAGrid::ReadFromAsciiFile
# 
++KVIDZAGrid
<NAME> ID_SI2_CSI_41
<VARX> Q3.FPGAEnergy
<VARY> 1*Q2.FPGAEnergy
<PARAMETER> IDTelescopes=ID_SI2_CSI_41
<PARAMETER> Runlist=83000-127081
<PARAMETER> ManualWidth=0.400000
<PARAMETER> ManualWidthScaling=0.000000
+KVIDZALine
ID:Z=1 A=1
1	1
17
1.08035   28.9416
6.59975   25.3784
11.1563   22.8568
17.0359   20.0548
22.9153   17.9067
35.4093   14.4978
47.7562   12.1628
68.897   9.56031
90.0641   7.86395
128.644   5.98039
167.224   4.96867
219.119   4.03922
271.013   3.33423
348.172   2.50797
429.103   1.98039
565.795   1.44474
701.833   1.04683
+KVIDZALine
ID:Z=1 A=2
1	2
19
1.08035   39.3039
10.9531   32.4285
18.85   28.1765
30.5416   23.7293
42.2331   20.6978
60.5908   17.18
78.9486   14.6215
102.213   12.283
125.475   10.6279
160.884   8.86196
196.293   7.6387
251.524   6.20436
306.755   5.17233
369.698   4.37275
432.642   3.81762
519.458   3.20886
606.273   2.71617
778.388   1.98289
950.501   1.40801
+KVIDZALine
ID:Z=1 A=3
1	3
21
0.262037   46.286
7.72246   41.1542
13.0518   37.8633
21.7999   33.4115
30.548   29.9027
46.2342   25.2377
61.9205   21.942
86.8573   18.0596
111.795   15.3081
139.749   13.1547
167.702   11.6163
206.882   9.9519
246.061   8.6849
290.298   7.61268
334.536   6.79515
400.6   5.82946
466.665   5.07819
590.904   4.06243
715.142   3.41837
909.716   2.68848
1111.08   2.17146
+KVIDZALine
ID:Z=2 A=3
2	3
23
1.34185   104.924
7.82267   96.5525
13.5258   90.6619
25.1912   81.2955
36.8567   74.345
58.3731   64.4489
79.8893   57.3076
106.85   50.5055
134.069   45.2713
169.584   39.8041
205.099   35.5236
257.723   30.5226
311.125   27.0473
371.267   23.8475
432.705   21.3894
510.216   18.8889
586.689   16.9819
704.122   14.7144
819.998   12.9767
978.645   11.1331
1136.64   9.80847
1371.88   8.25653
1582.09   7.1185
+KVIDZALine
ID:Z=2 A=4
2	4
23
1.17945   118.405
8.40696   108.961
14.7348   102.322
27.5871   91.752
40.4846   83.9149
64.152   72.7435
87.956   64.6805
117.853   57.0166
147.749   51.1157
187.062   44.9417
226.375   40.1022
285.366   34.6743
344.357   30.708
411.243   27.142
478.13   24.3072
564.89   21.5113
651.652   19.4084
781.303   16.968
910.952   15.0472
1084.17   12.9132
1257.38   11.1585
1529.57   9.03598
1801.77   7.50221
+KVIDZALine
ID:Z=2 A=6
2	6
23
1.45364   137.454
10.1638   127.554
18.8739   119.059
34.3852   106.834
49.8966   97.4151
79.1509   84.3402
108.405   75.0863
144.497   66.0839
180.589   58.9651
229.35   51.7629
278.11   46.4153
350.017   40.2112
421.927   35.4598
505.474   31.3451
589.022   28.2216
695.676   24.9757
802.33   22.3817
962.532   19.526
1122.74   17.4681
1340.81   15.1822
1558.86   13.2678
1889.76   10.8497
2220.65   8.70918
+KVIDCutLine
OK:PEDESTAL
above
15
5.26843   21.8052
13.2599   17.8845
21.2514   14.8477
35.4584   11.1554
49.6654   8.91421
72.1598   6.70789
94.6543   5.41776
132.836   4.10425
171.017   3.29869
210.974   2.57079
250.931   1.9566
333.806   1.27746
416.68   1.17961
589.455   1.00598
776.162   0.263309
!
# ASCII file generated by KVIDZAGrid::WriteToAsciiFile
# ID Graph Name : ID_SI2_CSI_43
# This file can be read using KVIDZAGrid::ReadFromAsciiFile
# 
++KVIDZAGrid
<NAME> ID_SI2_CSI_43
<VARX> Q3.FPGAEnergy
<VARY> 1*Q2.FPGAEnergy
<PARAMETER> IDTelescopes=ID_SI2_CSI_43
<PARAMETER> Runlist=83000-127081
<PARAMETER> ManualWidth=0.400000
<PARAMETER> ManualWidthScaling=0.000000
+KVIDZALine
ID:Z=1 A=1
1	1
17
1.23025   27.5266
7.51542   24.1377
12.7042   21.7393
19.3995   19.0744
26.0947   17.0312
40.3221   13.789
54.3821   11.5682
78.456   9.09291
102.56   7.47948
146.492   5.68801
190.425   4.72575
249.52   3.84174
308.615   3.17123
396.479   2.38536
488.639   1.88357
644.296   1.3741
799.208   0.995648
+KVIDZALine
ID:Z=1 A=2
1	2
19
1.23025   37.3824
12.4728   30.8431
21.4653   26.7989
34.7791   22.5692
48.0927   19.6859
68.9974   16.3401
89.9024   13.9067
116.394   11.6825
142.885   10.1083
183.206   8.4287
223.528   7.26524
286.421   5.90104
349.315   4.91946
420.992   4.15897
492.669   3.63098
591.53   3.05199
690.389   2.58338
886.385   1.88594
1082.38   1.33917
+KVIDZALine
ID:Z=1 A=3
1	3
21
0.298392   44.0231
8.7939   39.1422
14.8626   36.0122
24.8245   31.778
34.7864   28.4407
52.6489   24.0039
70.5116   20.8693
98.908   17.1767
127.306   14.5598
159.138   12.5116
190.97   11.0484
235.584   9.46535
280.2   8.26029
330.575   7.24049
380.951   6.46294
456.182   5.54446
531.412   4.82992
672.888   3.86381
814.364   3.25125
1035.94   2.55703
1265.24   2.0653
+KVIDZALine
ID:Z=2 A=3
2	3
23
1.52803   99.7935
8.90799   91.8321
15.4024   86.2293
28.6864   77.321
41.9704   70.7103
66.472   61.298
90.9736   54.5059
121.675   48.0362
152.67   43.0581
193.112   37.8581
233.555   33.7869
293.481   29.0303
354.292   25.725
422.778   22.6816
492.74   20.3437
581.005   17.9654
668.088   16.1515
801.814   13.995
933.766   12.3422
1114.43   10.5888
1294.34   9.32894
1562.23   7.85286
1801.59   6.77048
+KVIDZALine
ID:Z=2 A=4
2	4
23
1.34309   112.617
9.57332   103.634
16.7791   97.3196
31.4147   87.2662
46.1016   79.8123
73.0527   69.1871
100.16   61.5182
134.204   54.2292
168.249   48.6167
213.016   42.7445
257.783   38.1417
324.959   32.9791
392.134   29.2067
468.301   25.8151
544.467   23.1188
643.265   20.4596
742.065   18.4595
889.706   16.1384
1037.34   14.3116
1234.59   12.2818
1431.83   10.613
1741.79   8.59421
2051.76   7.13544
+KVIDZALine
ID:Z=2 A=6
2	6
23
1.65533   130.734
11.574   121.318
21.4926   113.238
39.156   101.61
56.8194   92.6526
90.133   80.2168
123.446   71.4153
164.546   62.853
205.645   56.0823
261.17   49.2323
316.695   44.1461
398.581   38.2452
480.467   33.7262
575.606   29.8127
670.745   26.8419
792.197   23.7546
913.651   21.2874
1096.08   18.5714
1278.51   16.6141
1526.83   14.44
1775.14   12.6192
2151.95   10.3192
2528.76   8.2834
+KVIDCutLine
OK:PEDESTAL
above
15
5.9994   20.7392
15.0997   17.0102
24.1999   14.1217
40.378   10.6101
56.5562   8.47841
82.1715   6.37995
107.787   5.15288
151.266   3.90359
194.745   3.13741
240.246   2.44511
285.746   1.86095
380.119   1.215
474.492   1.12194
671.239   0.956795
883.847   0.250436
!
# ASCII file generated by KVIDZAGrid::WriteToAsciiFile
# ID Graph Name : ID_SI2_CSI_241
# This file can be read using KVIDZAGrid::ReadFromAsciiFile
# 
++KVIDZAGrid
<NAME> ID_SI2_CSI_241
<VARX> Q3.FPGAEnergy
<VARY> 1*Q2.FPGAEnergy
<PARAMETER> IDTelescopes=ID_SI2_CSI_241
<PARAMETER> Runlist=83000-127081
<PARAMETER> ManualWidth=0.400000
<PARAMETER> ManualWidthScaling=0.000000
+KVIDZALine
ID:Z=1 A=1
1	1
17
0.938838   28.367
5.73524   24.8746
9.69495   22.403
14.8043   19.6567
19.9136   17.5513
30.771   14.21
41.5006   11.9214
59.8721   9.37053
78.2667   7.70784
111.793   5.86168
145.319   4.87004
190.416   3.95903
235.513   3.26805
302.565   2.45819
372.895   1.94108
491.682   1.41605
609.9   1.02604
+KVIDZALine
ID:Z=1 A=2
1	2
19
0.938838   38.5237
9.51838   31.7848
16.3808   27.6172
26.5409   23.2582
36.701   20.2869
52.654   16.839
68.6071   14.3313
88.8234   12.0392
109.039   10.4169
139.81   8.68605
170.58   7.48706
218.577   6.0812
266.573   5.06966
321.271   4.28595
375.971   3.74184
451.414   3.14516
526.857   2.66226
676.427   1.94353
825.996   1.38006
+KVIDZALine
ID:Z=1 A=3
1	3
21
0.227712   45.3672
6.71089   40.3373
11.3421   37.1117
18.9443   32.7483
26.5465   29.3091
40.1779   24.7368
53.8095   21.5064
75.4798   17.7011
97.1508   15.0043
121.443   12.8937
145.735   11.3857
179.782   9.75435
213.829   8.51249
252.272   7.46156
290.715   6.66026
348.126   5.71375
405.536   4.97739
513.501   3.98178
621.465   3.35051
790.554   2.6351
965.541   2.12836
+KVIDZALine
ID:Z=2 A=3
2	3
23
1.16608   102.841
6.79797   94.6359
11.754   88.8622
21.8914   79.6818
32.0288   72.8692
50.7268   63.1696
69.4246   56.1701
92.8534   49.5029
116.507   44.3727
147.37   39.014
178.233   34.8184
223.964   29.9167
270.371   26.5104
322.635   23.3741
376.025   20.9648
443.383   18.5139
509.838   16.6447
611.889   14.4223
712.586   12.7191
850.452   10.9121
987.75   9.61377
1192.18   8.09263
1374.85   6.9772
+KVIDZALine
ID:Z=2 A=4
2	4
23
1.02495   116.055
7.3057   106.797
12.8046   100.291
23.9735   89.9307
35.1815   82.2492
55.7487   71.2995
76.4349   63.3965
102.415   55.8849
128.396   50.1011
162.559   44.0495
196.722   39.3062
247.985   33.986
299.249   30.0984
357.375   26.6033
415.499   23.8247
490.895   21.0843
566.292   19.0231
678.96   16.6311
791.628   14.7486
942.152   12.6568
1092.68   10.9371
1329.21   8.85661
1565.75   7.35329
+KVIDZALine
ID:Z=2 A=6
2	6
23
1.26323   134.725
8.83242   125.021
16.4016   116.696
29.8811   104.713
43.3606   95.4814
68.7829   82.666
94.2053   73.5958
125.57   64.7721
156.934   57.7946
199.307   50.7354
241.68   45.4939
304.169   39.4129
366.658   34.7559
439.262   30.723
511.866   27.6614
604.549   24.4798
697.233   21.9374
836.45   19.1385
975.668   17.1213
1165.17   14.8809
1354.66   13.0045
1642.21   10.6343
1929.77   8.53631
+KVIDCutLine
OK:PEDESTAL
above
15
4.57832   21.3724
11.523   17.5295
18.4676   14.5529
30.8137   10.934
43.1597   8.73727
62.7076   6.57474
82.2555   5.31021
115.435   4.02278
148.615   3.2332
183.339   2.51976
218.062   1.91776
290.08   1.2521
362.099   1.1562
512.243   0.986009
674.492   0.258082
!
# ASCII file generated by KVIDZAGrid::WriteToAsciiFile
# ID Graph Name : ID_SI2_CSI_314
# This file can be read using KVIDZAGrid::ReadFromAsciiFile
# 
++KVIDZAGrid
<NAME> ID_SI2_CSI_314
<VARX> Q3.FPGAEnergy
<VARY> 1*Q2.FPGAEnergy
<PARAMETER> IDTelescopes=ID_SI2_CSI_314
<PARAMETER> Runlist=83000-127081
<PARAMETER> ManualWidth=0.400000
<PARAMETER> ManualWidthScaling=0.000000
+KVIDZALine
ID:Z=1 A=1
1	1
17
0.952427   29.5262
5.81825   25.8911
9.83528   23.3185
15.0186   20.4599
20.2019   18.2685
31.2164   14.7906
42.1013   12.4085
60.7388   9.75344
79.3996   8.02281
113.411   6.1012
147.422   5.06904
193.172   4.12081
238.922   3.40159
306.944   2.55864
378.292   2.0204
498.798   1.47392
618.728   1.06797
+KVIDZALine
ID:Z=1 A=2
1	2
19
0.952427   40.0979
9.65615   33.0836
16.6179   28.7457
26.9251   24.2086
37.2322   21.1159
53.4161   17.5271
69.6001   14.9169
90.1091   12.5311
110.618   10.8426
141.834   9.04098
173.049   7.79301
221.74   6.3297
270.431   5.27682
325.921   4.46109
381.412   3.89474
457.948   3.27369
534.483   2.77105
686.218   2.02294
837.952   1.43645
+KVIDZALine
ID:Z=1 A=3
1	3
21
0.231008   47.221
6.80803   41.9856
11.5063   38.6282
19.2185   34.0865
26.9307   30.5067
40.7595   25.7476
54.5883   22.3853
76.5724   18.4244
98.5569   15.6174
123.201   13.4205
147.844   11.851
182.384   10.1529
216.924   8.86034
255.923   7.76647
294.923   6.93242
353.164   5.94723
411.406   5.18078
520.934   4.14449
630.461   3.48743
801.997   2.74278
979.517   2.21533
+KVIDZALine
ID:Z=2 A=3
2	3
23
1.18296   107.043
6.89637   98.503
11.9242   92.4933
22.2083   82.9378
32.4924   75.8469
51.461   65.7509
70.4295   58.4654
94.1974   51.5257
118.193   46.1859
149.503   40.6082
180.813   36.2412
227.206   31.1392
274.284   27.5937
327.304   24.3293
381.467   21.8215
449.8   19.2705
517.218   17.3249
620.745   15.0116
722.9   13.2388
862.762   11.358
1002.05   10.0066
1209.43   8.42332
1394.75   7.26231
+KVIDZALine
ID:Z=2 A=4
2	4
23
1.03978   120.797
7.41145   111.161
12.99   104.389
24.3205   93.6055
35.6907   85.6101
56.5557   74.213
77.5412   65.9871
103.898   58.1685
130.254   52.1483
164.912   45.8496
199.57   40.9123
251.575   35.3748
303.58   31.3283
362.547   27.6904
421.513   24.7982
498.001   21.9459
574.489   19.8005
688.788   17.3107
803.086   15.3512
955.789   13.174
1108.49   11.384
1348.45   9.21852
1588.42   7.65377
+KVIDZALine
ID:Z=2 A=6
2	6
23
1.28151   140.231
8.96027   130.13
16.639   121.465
30.3136   108.992
43.9882   99.3831
69.7784   86.044
95.5688   76.6032
127.387   67.4189
159.205   60.1562
202.192   52.8086
245.178   47.353
308.571   41.0235
371.965   36.1762
445.62   31.9784
519.275   28.7918
613.3   25.4802
707.325   22.8338
848.557   19.9205
989.79   17.821
1182.03   15.4889
1374.27   13.5359
1665.98   11.0688
1957.7   8.88513
+KVIDCutLine
OK:PEDESTAL
above
15
4.64459   22.2457
11.6898   18.2458
18.7349   15.1476
31.2597   11.3808
43.7844   9.0943
63.6152   6.84341
83.4461   5.52721
117.106   4.18716
150.766   3.36532
185.992   2.62273
221.218   1.99613
294.279   1.30326
367.34   1.20344
519.657   1.0263
684.255   0.268628
!
# ASCII file generated by KVIDZAGrid::WriteToAsciiFile
# ID Graph Name : ID_SI2_CSI_321
# This file can be read using KVIDZAGrid::ReadFromAsciiFile
# 
++KVIDZAGrid
<NAME> ID_SI2_CSI_321
<VARX> Q3.FPGAEnergy
<VARY> 1*Q2.FPGAEnergy
<PARAMETER> IDTelescopes=ID_SI2_CSI_321
<PARAMETER> Runlist=83000-127081
<PARAMETER> ManualWidth=0.400000
<PARAMETER> ManualWidthScaling=0.000000
+KVIDZALine
ID:Z=1 A=1
1	1
17
1.20631   9.79482
6.83176   8.64193
12.4572   7.75469
19.6684   6.9044
26.8796   6.25278
41.2699   5.18632
55.6603   4.34914
78.4815   3.41011
101.303   2.80243
144.011   2.11025
186.72   1.74016
244.665   1.41277
302.61   1.17859
390.87   0.90527
479.131   0.703726
631.394   0.481828
783.657   0.354281
+KVIDZALine
ID:Z=1 A=2
1	2
19
1.20631   13.3018
11.2811   11.1425
21.356   9.58414
35.1649   8.15994
48.9739   7.21947
69.6146   6.10599
90.2554   5.19685
115.18   4.32171
140.105   3.67688
179.864   3.06627
219.624   2.72807
281.071   2.24691
342.519   1.82452
412.801   1.52672
483.083   1.35365
580.019   1.15037
676.956   0.961209
869.138   0.653274
1061.32   0.476518
+KVIDZALine
ID:Z=1 A=3
1	3
21
0.292587   15.6648
7.62642   14.1367
14.9602   12.8858
25.5713   11.4559
36.1824   10.3278
53.48   8.82377
70.7775   7.66563
99.7036   6.38983
128.63   5.56866
158.573   4.81082
188.517   4.17067
231.979   3.59536
275.441   3.23373
324.49   2.79964
373.539   2.3882
447.306   2.00156
521.073   1.79521
659.795   1.48183
798.518   1.20576
1019.57   0.877271
1240.62   0.734897
+KVIDZALine
ID:Z=2 A=3
2	3
23
1.49829   35.5097
8.3009   32.8677
15.1035   30.7287
29.2352   27.5089
43.3669   25.2863
67.1878   22.2216
91.0086   19.71
120.355   17.307
149.702   15.495
189.313   13.6669
228.923   12.2871
288.163   10.6334
347.402   9.35188
415.279   8.26043
483.156   7.43075
571.569   6.5365
659.983   5.79926
788.468   4.96214
916.953   4.31519
1092   3.59631
1267.04   3.02729
1518.46   2.44538
1769.89   2.10546
+KVIDZALine
ID:Z=2 A=4
2	4
23
1.31695   40.0724
8.88528   37.0894
16.4536   34.6808
32.0313   31.0895
47.609   28.5883
73.3877   25.1237
99.1664   22.2653
132.287   19.5344
165.408   17.5529
209.239   15.5164
253.071   13.9132
318.789   12.034
384.508   10.6173
459.192   9.39515
533.877   8.44481
631.029   7.4352
728.182   6.61232
870.046   5.66258
1011.91   4.93282
1212.73   4.14447
1413.55   3.57117
1712.69   2.98464
2011.83   2.53901
+KVIDZALine
ID:Z=2 A=6
2	6
23
1.62311   46.5191
11.3493   43.1546
21.0754   40.3525
39.6053   36.2307
58.1353   33.1554
90.1139   28.9303
122.093   25.6886
162.74   22.6739
203.387   20.4614
257.718   18.0955
312.049   16.197
392.786   14.0318
473.523   12.4513
565.869   11.1105
658.216   10.0619
777.279   8.89897
896.343   7.93805
1076.04   6.90336
1255.73   6.17817
1498.17   5.34261
1740.6   4.60448
2110.07   3.66516
2479.55   2.94749
+KVIDCutLine
OK:PEDESTAL
above
15
5.88266   7.37963
14.8059   6.06522
23.7292   5.04693
39.5926   3.8085
55.456   3.05621
80.573   2.31484
105.69   1.88044
148.323   1.43674
190.955   1.16322
235.571   0.915569
280.187   0.706011
372.723   0.470639
465.26   0.430039
658.178   0.355562
866.652   0.0891128
!
# ASCII file generated by KVIDZAGrid::WriteToAsciiFile
# ID Graph Name : ID_SI2_CSI_332
# This file can be read using KVIDZAGrid::ReadFromAsciiFile
# 
++KVIDZAGrid
<NAME> ID_SI2_CSI_332
<VARX> Q3.FPGAEnergy
<VARY> 1*Q2.FPGAEnergy
<PARAMETER> IDTelescopes=ID_SI2_CSI_332
<PARAMETER> Runlist=83000-127081
<PARAMETER> ManualWidth=0.400000
<PARAMETER> ManualWidthScaling=0.000000
+KVIDZALine
ID:Z=1 A=1
1	1
17
1.294   29.5292
7.9049   25.8937
13.3626   23.3208
20.4049   20.462
27.447   18.2703
42.4118   14.7921
57.2004   12.4098
82.5219   9.75442
107.875   8.02361
154.084   6.10181
200.294   5.06955
262.451   4.12122
324.608   3.40193
417.026   2.5589
513.962   2.0206
677.686   1.47407
840.626   1.06808
+KVIDZALine
ID:Z=1 A=2
1	2
19
1.294   40.1019
13.1192   33.0869
22.5777   28.7486
36.5814   24.2111
50.585   21.118
72.5731   17.5289
94.5613   14.9184
122.426   12.5324
150.289   10.8437
192.7   9.04189
235.111   7.79379
301.265   6.33033
367.418   5.27735
442.809   4.46153
518.201   3.89513
622.185   3.27401
726.168   2.77132
932.321   2.02315
1138.47   1.4366
+KVIDZALine
ID:Z=1 A=3
1	3
21
0.313857   47.2258
9.24964   41.9898
15.6329   38.6321
26.111   34.0899
36.5891   30.5098
55.3774   25.7502
74.1658   22.3875
104.034   18.4262
133.903   15.619
167.385   13.4219
200.867   11.8522
247.794   10.154
294.721   8.86123
347.707   7.76724
400.693   6.93312
479.822   5.94782
558.952   5.1813
707.76   4.14491
856.567   3.48777
1089.62   2.74306
1330.81   2.21555
+KVIDZALine
ID:Z=2 A=3
2	3
23
1.60721   107.054
9.36966   98.5129
16.2006   92.5026
30.173   82.9461
44.1454   75.8545
69.9168   65.7574
95.6881   58.4712
127.98   51.5309
160.582   46.1905
203.12   40.6123
245.659   36.2449
308.69   31.1423
372.653   27.5965
444.688   24.3317
518.276   21.8237
611.115   19.2724
702.711   17.3266
843.368   15.0131
982.159   13.2402
1172.18   11.3591
1361.42   10.0076
1643.18   8.42416
1894.96   7.26304
+KVIDZALine
ID:Z=2 A=4
2	4
23
1.41269   120.809
10.0695   111.172
17.6487   104.4
33.0427   93.6149
48.4907   85.6187
76.8386   74.2204
105.35   65.9937
141.159   58.1743
176.968   52.1536
224.055   45.8541
271.143   40.9164
341.799   35.3783
412.456   31.3315
492.57   27.6931
572.684   24.8007
676.602   21.9481
780.521   19.8025
935.812   17.3125
1091.1   15.3528
1298.57   13.1754
1506.04   11.3851
1832.06   9.21944
2158.08   7.65454
+KVIDZALine
ID:Z=2 A=6
2	6
23
1.74111   140.245
12.1738   130.143
22.6064   121.477
41.1852   109.002
59.764   99.393
94.8036   86.0526
129.843   76.6108
173.073   67.4257
216.302   60.1623
274.706   52.8139
333.108   47.3577
419.236   41.0276
505.366   36.1798
605.435   31.9816
705.506   28.7946
833.252   25.4827
960.997   22.8361
1152.88   19.9225
1344.77   17.8227
1605.96   15.4905
1867.14   13.5372
2263.47   11.0699
2659.8   8.88602
+KVIDCutLine
OK:PEDESTAL
above
15
6.31031   22.2479
15.8821   18.2476
25.454   15.1491
42.4706   11.382
59.4871   9.09521
86.43   6.84409
113.373   5.52776
159.105   4.18758
204.837   3.36566
252.696   2.62299
300.555   1.99633
399.819   1.30339
499.082   1.20356
706.025   1.0264
929.654   0.268655
!
# ASCII file generated by KVIDZAGrid::WriteToAsciiFile
# ID Graph Name : ID_SI2_CSI_342
# This file can be read using KVIDZAGrid::ReadFromAsciiFile
# 
++KVIDZAGrid
<NAME> ID_SI2_CSI_342
<VARX> Q3.FPGAEnergy
<VARY> 1*Q2.FPGAEnergy
<PARAMETER> IDTelescopes=ID_SI2_CSI_342
<PARAMETER> Runlist=83000-127081
<PARAMETER> ManualWidth=0.400000
<PARAMETER> ManualWidthScaling=0.000000
+KVIDZALine
ID:Z=1 A=1
1	1
17
1.21846   29.2346
7.44343   25.6354
12.5825   23.0882
19.2137   20.2579
25.8447   18.088
39.9359   14.6446
53.8612   12.286
77.7045   9.65712
101.578   7.94358
145.089   6.04095
188.601   5.01898
247.13   4.08012
305.658   3.368
392.681   2.53337
483.958   2.00044
638.125   1.45936
791.553   1.05742
+KVIDZALine
ID:Z=1 A=2
1	2
19
1.21846   39.7019
12.3533   32.7569
21.2597   28.4618
34.4459   23.9696
47.632   20.9074
68.3365   17.354
89.0411   14.7696
115.279   12.4074
141.516   10.7355
181.451   8.9517
221.386   7.71604
283.678   6.26719
345.969   5.22471
416.959   4.41703
487.95   3.85628
585.864   3.24135
683.777   2.74368
877.895   2.00297
1072.01   1.42227
+KVIDZALine
ID:Z=1 A=3
1	3
21
0.295535   46.7547
8.70967   41.571
14.7203   38.2467
24.5867   33.7498
34.4531   30.2055
52.1446   25.4933
69.8362   22.1642
97.9608   18.2424
126.086   15.4632
157.614   13.288
189.141   11.7339
233.328   10.0527
277.516   8.77284
327.409   7.68977
377.302   6.86396
451.812   5.88849
526.322   5.12961
666.443   4.10356
806.563   3.45298
1026.01   2.71569
1253.12   2.19345
+KVIDZALine
ID:Z=2 A=3
2	3
23
1.51339   105.986
8.82269   97.5302
15.2549   91.5799
28.4116   82.1187
41.5684   75.0978
65.8353   65.1015
90.1021   57.888
120.509   51.0168
151.207   45.7298
191.263   40.2072
231.318   35.8833
290.67   30.8316
350.898   27.3212
418.728   24.089
488.02   21.606
575.44   19.0801
661.689   17.1538
794.134   14.8634
924.823   13.1081
1103.75   11.2458
1281.94   9.90779
1547.26   8.34013
1784.34   7.19059
+KVIDZALine
ID:Z=2 A=4
2	4
23
1.33022   119.604
9.48164   110.064
16.6184   103.358
31.1138   92.6811
45.66   84.7647
72.353   73.4801
99.2003   65.3354
132.919   57.594
166.637   51.6333
210.976   45.3967
255.314   40.5083
321.845   35.0254
388.378   31.0189
463.815   27.4169
539.252   24.5533
637.104   21.7292
734.957   19.6049
881.182   17.1398
1027.41   15.1996
1222.76   13.0439
1418.12   11.2716
1725.11   9.12748
2032.1   7.57818
+KVIDZALine
ID:Z=2 A=6
2	6
23
1.63947   138.846
11.4631   128.845
21.2867   120.265
38.7809   107.915
56.2752   98.4016
89.2692   85.1942
122.263   75.8466
162.969   66.7531
203.675   59.5621
258.669   52.2871
313.662   46.8853
394.763   40.6183
475.864   35.8189
570.092   31.6626
664.32   28.5074
784.609   25.2285
904.897   22.6083
1085.58   19.7238
1266.26   17.645
1512.2   15.336
1758.14   13.4022
2131.33   10.9595
2504.53   8.79738
+KVIDCutLine
OK:PEDESTAL
above
15
5.94193   22.026
14.955   18.0656
23.9681   14.998
39.9913   11.2685
56.0144   9.00448
81.3844   6.77582
106.755   5.47262
149.817   4.14581
192.879   3.33208
237.945   2.59682
283.009   1.97642
376.478   1.29039
469.947   1.19156
664.809   1.01616
875.384   0.265975
!
# ASCII file generated by KVIDZAGrid::WriteToAsciiFile
# ID Graph Name : ID_SI2_CSI_344
# This file can be read using KVIDZAGrid::ReadFromAsciiFile
# 
++KVIDZAGrid
<NAME> ID_SI2_CSI_344
<VARX> Q3.FPGAEnergy
<VARY> 1*Q2.FPGAEnergy
<PARAMETER> IDTelescopes=ID_SI2_CSI_344
<PARAMETER> Runlist=83000-127081
<PARAMETER> ManualWidth=0.400000
<PARAMETER> ManualWidthScaling=0.000000
+KVIDZALine
ID:Z=1 A=1
1	1
17
1.14405   13.1096
6.98911   11.5107
11.8145   10.379
18.0409   9.12145
24.2672   8.15708
37.498   6.62609
50.573   5.57676
72.9603   4.40586
95.3757   3.64132
136.23   2.7897
177.084   2.32906
232.038   1.90291
286.993   1.57743
368.701   1.19302
454.403   0.941874
599.154   0.677081
743.212   0.474177
+KVIDZALine
ID:Z=1 A=2
1	2
19
1.14405   17.8034
11.5994   14.7183
19.9622   12.8101
32.3434   10.8136
44.7244   9.45204
64.1647   7.87122
83.6049   6.72052
108.24   5.66762
132.875   4.9212
170.372   4.12288
207.868   3.56792
266.355   2.91473
324.842   2.44196
391.497   2.07204
458.152   1.81174
550.086   1.52309
642.019   1.28649
824.282   0.926618
1006.54   0.637782
+KVIDZALine
ID:Z=1 A=3
1	3
21
0.277486   20.966
8.17814   18.6634
13.8219   17.1866
23.0861   15.1886
32.3502   13.6135
48.9616   11.5187
65.5729   10.0379
91.9802   8.29235
118.388   7.05402
147.99   6.08332
177.592   5.38838
219.081   4.63494
260.57   4.05973
307.416   3.57096
354.261   3.1964
424.221   2.75149
494.181   2.40273
625.744   1.92492
757.307   1.6138
963.354   1.25158
1176.59   0.983601
+KVIDZALine
ID:Z=2 A=3
2	3
23
1.42096   47.527
8.28483   43.7711
14.3248   41.1279
26.6791   36.9243
39.0331   33.804
61.8191   29.3601
84.6046   26.1516
113.155   23.0936
141.979   20.7387
179.589   18.277
217.198   16.3475
272.925   14.09
329.476   12.5167
393.163   11.0649
458.223   9.94538
540.304   8.80235
621.285   7.92575
745.641   6.87612
868.348   6.06447
1036.35   5.19339
1203.66   4.55522
1452.77   3.79352
1675.37   3.22445
+KVIDZALine
ID:Z=2 A=4
2	4
23
1.24898   53.6337
8.90366   49.3961
15.6053   46.4175
29.2166   41.6737
42.8753   38.1555
67.9393   33.1391
93.1478   29.5166
124.808   26.0714
156.467   23.4168
198.099   20.6371
239.73   18.4559
302.198   16.0054
364.667   14.2102
435.498   12.5925
506.327   11.3026
598.203   10.0247
690.079   9.05746
827.374   7.92699
964.668   7.02959
1148.09   6.02439
1331.52   5.18935
1619.75   4.16178
1908   3.39826
+KVIDZALine
ID:Z=2 A=6
2	6
23
1.53934   62.2621
10.7641   57.82
19.9886   54.0086
36.4158   48.5217
52.8426   44.294
83.8229   38.4229
114.803   34.2653
153.024   30.2187
191.244   27.0168
242.88   23.7742
294.515   21.3632
370.663   18.5621
446.811   16.4126
535.284   14.5454
623.758   13.1228
736.7   11.6392
849.642   10.448
1019.29   9.12542
1188.94   8.16054
1419.86   7.07832
1650.77   6.16269
2001.17   4.99154
2351.58   3.94498
+KVIDCutLine
OK:PEDESTAL
above
15
5.57905   9.87705
14.0419   8.11781
22.5047   6.75491
37.5495   5.09738
52.5942   4.09048
76.4149   3.09822
100.236   2.51682
140.668   1.92296
181.1   1.55688
223.414   1.22541
265.727   0.944935
353.487   0.629909
441.248   0.575569
624.209   0.47589
821.923   0.11927
!
# ASCII file generated by KVIDZAGrid::WriteToAsciiFile
# ID Graph Name : ID_SI2_CSI_442
# This file can be read using KVIDZAGrid::ReadFromAsciiFile
# 
++KVIDZAGrid
<NAME> ID_SI2_CSI_442
<VARX> Q3.FPGAEnergy
<VARY> 1*Q2.FPGAEnergy
<PARAMETER> IDTelescopes=ID_SI2_CSI_442
<PARAMETER> Runlist=83000-127081
<PARAMETER> ManualWidth=0.400000
<PARAMETER> ManualWidthScaling=0.000000
+KVIDZALine
ID:Z=1 A=1
1	1
17
0.991293   27.5253
6.0557   24.1364
10.2367   21.7382
15.6315   19.0734
21.0263   17.0304
32.4904   13.7883
43.8196   11.5677
63.2176   9.09245
82.64   7.4791
118.039   5.68772
153.439   4.72552
201.056   3.84154
248.673   3.17107
319.472   2.38524
393.731   1.88347
519.155   1.37404
643.979   0.995599
+KVIDZALine
ID:Z=1 A=2
1	2
19
0.991293   37.3805
10.0503   30.8416
17.2961   26.7976
28.024   22.568
38.7517   19.6849
55.5961   16.3394
72.4406   13.906
93.7864   11.6819
115.132   10.1078
147.622   8.42828
180.112   7.26487
230.79   5.90074
281.468   4.91922
339.222   4.15876
396.979   3.6308
476.638   3.05183
556.296   2.58325
714.223   1.88585
872.15   1.33911
+KVIDZALine
ID:Z=1 A=3
1	3
21
0.240436   44.0209
7.08587   39.1402
11.9759   36.0104
20.0029   31.7764
28.0298   28.4394
42.4229   24.0027
56.8162   20.8682
79.6973   17.1757
102.579   14.559
128.228   12.511
153.878   11.0479
189.828   9.46488
225.777   8.25988
266.368   7.24013
306.959   6.46262
367.578   5.54418
428.197   4.82968
542.193   3.86362
656.19   3.25108
834.727   2.55691
1019.49   2.06519
+KVIDZALine
ID:Z=2 A=3
2	3
23
1.23124   99.7886
7.17782   91.8275
12.4107   86.225
23.1146   77.3172
33.8185   70.7067
53.5612   61.2949
73.3038   54.5032
98.0421   48.0338
123.017   43.0559
155.604   37.8562
188.192   33.7852
236.478   29.0289
285.478   25.7237
340.662   22.6805
397.036   20.3427
468.157   17.9645
538.326   16.1508
646.079   13.9943
752.402   12.3417
897.972   10.5883
1042.94   9.32847
1258.79   7.85247
1451.67   6.77015
+KVIDZALine
ID:Z=2 A=4
2	4
23
1.08222   112.61
7.71391   103.628
13.5201   97.3148
25.313   87.2619
37.1473   79.8084
58.8638   69.1836
80.7058   61.5151
108.138   54.2264
135.57   48.6143
171.642   42.7423
207.714   38.1397
261.842   32.9774
315.97   29.2052
377.343   25.8138
438.716   23.1177
518.325   20.4587
597.934   18.4586
716.898   16.1376
835.861   14.3109
994.8   12.2813
1153.73   10.6125
1403.48   8.59378
1653.25   7.13508
+KVIDZALine
ID:Z=2 A=6
2	6
23
1.33381   130.727
9.32594   121.312
17.3181   113.233
31.5508   101.605
45.7834   92.6479
72.6262   80.2128
99.4689   71.4118
132.586   62.85
165.703   56.0795
210.444   49.2298
255.184   44.1438
321.164   38.2433
387.146   33.7245
463.806   29.8112
540.467   26.8406
638.329   23.7534
736.192   21.2864
883.188   18.5705
1030.18   16.6132
1230.28   14.4392
1430.36   12.6186
1733.98   10.3186
2037.59   8.28298
+KVIDCutLine
OK:PEDESTAL
above
15
4.83414   20.7382
12.1668   17.0093
19.4995   14.121
32.5354   10.6096
45.5713   8.47798
66.2114   6.37963
86.8516   5.15262
121.885   3.9034
156.92   3.13725
193.583   2.44499
230.246   1.86085
306.289   1.21494
382.332   1.12189
540.864   0.956748
712.18   0.250423
!
# ASCII file generated by KVIDZAGrid::WriteToAsciiFile
# ID Graph Name : ID_SI2_CSI_512
# This file can be read using KVIDZAGrid::ReadFromAsciiFile
# 
++KVIDZAGrid
<NAME> ID_SI2_CSI_512
<VARX> Q3.FPGAEnergy
<VARY> 1*Q2.FPGAEnergy
<PARAMETER> IDTelescopes=ID_SI2_CSI_512
<PARAMETER> Runlist=83000-127081
<PARAMETER> ManualWidth=0.400000
<PARAMETER> ManualWidthScaling=0.000000
+KVIDZALine
ID:Z=1 A=1
1	1
17
1.4015   10.0131
8.56157   8.78036
14.4727   7.90791
22.0998   6.93851
29.7271   6.19532
45.935   5.0159
61.9521   4.20806
89.3771   3.30765
116.837   2.72075
166.885   2.06908
216.932   1.71905
284.253   1.39748
351.573   1.15357
451.668   0.867703
556.657   0.68517
733.983   0.499845
910.458   0.362178
+KVIDZALine
ID:Z=1 A=2
1	2
19
1.4015   13.5983
14.209   11.2196
24.4533   9.74843
39.6203   8.20979
54.7872   7.16096
78.6018   5.94392
102.416   5.05871
132.595   4.24964
162.774   3.67701
208.708   3.06604
254.643   2.64281
326.291   2.14657
397.94   1.78951
479.594   1.51288
561.249   1.32081
673.871   1.11019
786.493   0.939736
1009.77   0.686034
1233.05   0.487139
+KVIDZALine
ID:Z=1 A=3
1	3
21
0.339929   16.014
10.0181   14.2384
16.9315   13.0999
28.2801   11.5596
39.6285   10.3457
59.9776   8.7317
80.3268   7.59144
112.676   6.2482
145.026   5.29628
181.289   4.55126
217.554   4.01899
268.379   3.44313
319.205   3.00478
376.592   2.63381
433.979   2.35097
519.681   2.01686
605.384   1.75694
766.555   1.40551
927.723   1.18267
1180.14   0.93015
1441.36   0.751277
+KVIDZALine
ID:Z=2 A=3
2	3
23
1.74072   36.3012
10.1481   33.405
17.5464   31.367
32.6795   28.1264
47.8127   25.7217
75.7248   22.2978
103.637   19.8271
138.612   17.4737
173.922   15.6629
219.993   13.7713
266.065   12.2904
334.333   10.5601
403.609   9.35778
481.628   8.25071
561.329   7.40026
661.882   6.53513
761.087   5.87532
913.427   5.09085
1063.74   4.48964
1269.56   3.8518
1474.51   3.39351
1779.69   2.85657
2052.38   2.46285
+KVIDZALine
ID:Z=2 A=4
2	4
23
1.53004   40.9656
10.9059   37.6978
19.1148   35.4011
35.7876   31.7442
52.5188   29.0327
83.2217   25.1676
114.102   22.3779
152.886   19.7264
191.669   17.6849
242.668   15.5488
293.667   13.8745
370.192   11.9965
446.719   10.6243
533.489   9.39055
620.258   8.40975
732.809   7.44244
845.361   6.71486
1013.55   5.87053
1181.74   5.20602
1406.44   4.46767
1631.15   3.86061
1984.25   3.12624
2337.35   2.5956
+KVIDZALine
ID:Z=2 A=6
2	6
23
1.88574   47.5559
13.1851   44.1307
24.4843   41.1919
44.6066   36.9619
64.7286   33.7034
102.679   29.1798
140.63   25.9782
187.45   22.8635
234.271   20.4006
297.525   17.9088
360.779   16.0586
454.063   13.9121
547.347   12.2683
655.73   10.8447
764.113   9.76405
902.471   8.641
1040.83   7.74356
1248.65   6.75558
1456.48   6.04357
1739.37   5.25271
2022.24   4.59038
2451.5   3.75373
2880.75   3.01318
+KVIDCutLine
OK:PEDESTAL
above
15
6.83452   7.54411
17.2015   6.18765
27.5684   5.13694
45.9986   3.85955
64.4288   3.08412
93.6098   2.32078
122.791   1.87442
172.322   1.41998
221.853   1.14127
273.687   0.889436
325.523   0.67694
433.032   0.441971
540.542   0.40812
764.676   0.348045
1006.89   0.0910989
!
# ASCII file generated by KVIDZAGrid::WriteToAsciiFile
# ID Graph Name : ID_SI2_CSI_514
# This file can be read using KVIDZAGrid::ReadFromAsciiFile
# 
++KVIDZAGrid
<NAME> ID_SI2_CSI_514
<VARX> Q3.FPGAEnergy
<VARY> 1*Q2.FPGAEnergy
<PARAMETER> IDTelescopes=ID_SI2_CSI_514
<PARAMETER> Runlist=83000-127081
<PARAMETER> ManualWidth=0.400000
<PARAMETER> ManualWidthScaling=0.000000
+KVIDZALine
ID:Z=1 A=1
1	1
17
1.30704   29.5292
7.98454   25.8937
13.4972   23.3208
20.6104   20.462
27.7236   18.2703
42.8391   14.7921
57.7768   12.4098
83.3534   9.75442
108.962   8.02361
155.637   6.10181
202.312   5.06955
265.095   4.12122
327.878   3.40193
421.228   2.5589
519.14   2.0206
684.514   1.47407
849.096   1.06808
+KVIDZALine
ID:Z=1 A=2
1	2
19
1.30704   40.1019
13.2514   33.0869
22.8052   28.7486
36.95   24.2111
51.0947   21.118
73.3043   17.5289
95.514   14.9184
123.659   12.5324
151.804   10.8437
194.642   9.04189
237.48   7.79379
304.3   6.33033
371.12   5.27735
447.271   4.46153
523.422   3.89513
628.454   3.27401
733.485   2.77132
941.715   2.02315
1149.94   1.4366
+KVIDZALine
ID:Z=1 A=3
1	3
21
0.317019   47.2258
9.34284   41.9898
15.7904   38.6321
26.3741   34.0899
36.9577   30.5098
55.9353   25.7502
74.913   22.3875
105.082   18.4262
135.252   15.619
169.072   13.4219
202.891   11.8522
250.29   10.154
297.691   8.86123
351.21   7.76724
404.73   6.93312
484.657   5.94782
564.584   5.1813
714.891   4.14491
865.198   3.48777
1100.6   2.74306
1344.22   2.21555
+KVIDZALine
ID:Z=2 A=3
2	3
23
1.6234   107.054
9.46406   98.5129
16.3638   92.5026
30.477   82.9461
44.5902   75.8545
70.6213   65.7574
96.6522   58.4712
129.27   51.5309
162.2   46.1905
205.167   40.6123
248.134   36.2449
311.8   31.1423
376.408   27.5965
449.168   24.3317
523.497   21.8237
617.273   19.2724
709.791   17.3266
851.865   15.0131
992.055   13.2402
1183.99   11.3591
1375.13   10.0076
1659.74   8.42416
1914.05   7.26304
+KVIDZALine
ID:Z=2 A=4
2	4
23
1.42692   120.809
10.1709   111.172
17.8265   104.4
33.3756   93.6149
48.9793   85.6187
77.6128   74.2204
106.412   65.9937
142.581   58.1743
178.751   52.1536
226.313   45.8541
273.875   40.9164
345.243   35.3783
416.611   31.3315
497.533   27.6931
578.454   24.8007
683.419   21.9481
788.386   19.8025
945.241   17.3125
1102.1   15.3528
1311.65   13.1754
1521.21   11.3851
1850.52   9.21944
2179.83   7.65454
+KVIDZALine
ID:Z=2 A=6
2	6
23
1.75865   140.245
12.2964   130.143
22.8341   121.477
41.6002   109.002
60.3662   99.393
95.7588   86.0526
131.152   76.6108
174.817   67.4257
218.482   60.1623
277.473   52.8139
336.464   47.3577
423.46   41.0276
510.458   36.1798
611.535   31.9816
712.614   28.7946
841.647   25.4827
970.68   22.8361
1164.5   19.9225
1358.31   17.8227
1622.14   15.4905
1885.95   13.5372
2286.27   11.0699
2686.6   8.88602
+KVIDCutLine
OK:PEDESTAL
above
15
6.37389   22.2479
16.0422   18.2476
25.7105   15.1491
42.8985   11.382
60.0865   9.09521
87.3008   6.84409
114.515   5.52776
160.708   4.18758
206.9   3.36566
255.242   2.62299
303.583   1.99633
403.847   1.30339
504.111   1.20356
713.139   1.0264
939.021   0.268655
!
# ASCII file generated by KVIDZAGrid::WriteToAsciiFile
# ID Graph Name : ID_SI2_CSI_523
# This file can be read using KVIDZAGrid::ReadFromAsciiFile
# 
++KVIDZAGrid
<NAME> ID_SI2_CSI_523
<VARX> Q3.FPGAEnergy
<VARY> 1*Q2.FPGAEnergy
<PARAMETER> IDTelescopes=ID_SI2_CSI_523
<PARAMETER> Runlist=83000-127081
<PARAMETER> ManualWidth=0.400000
<PARAMETER> ManualWidthScaling=0.000000
+KVIDZALine
ID:Z=1 A=1
1	1
17
1.40157   29.8267
8.56199   26.1546
14.4733   23.5558
22.101   20.6682
29.7286   18.4544
45.9372   14.9412
61.9553   12.5348
89.3816   9.8527
116.842   8.10445
166.893   6.16329
216.943   5.12063
284.267   4.16275
351.591   3.43621
451.692   2.58468
556.685   2.04096
734.019   1.48892
910.504   1.07884
+KVIDZALine
ID:Z=1 A=2
1	2
19
1.40157   40.506
14.2097   33.4203
24.4545   29.0382
39.6223   24.455
54.7899   21.3308
78.6058   17.7055
102.422   15.0687
132.602   12.6587
162.782   10.9529
208.719   9.13299
254.655   7.87231
326.307   6.39412
397.96   5.33052
479.618   4.50648
561.277   3.93438
673.905   3.307
786.531   2.79925
1009.82   2.04353
1233.11   1.45107
+KVIDZALine
ID:Z=1 A=3
1	3
21
0.339946   47.7016
10.0185   42.4129
16.9324   39.0213
28.2815   34.4334
39.6306   30.8172
59.9806   26.0096
80.3308   22.6131
112.682   18.6119
145.034   15.7763
181.299   13.5571
217.564   11.9716
268.391   10.2563
319.22   8.95051
376.61   7.8455
434.001   7.00297
519.708   6.00775
605.415   5.2335
766.593   4.18667
927.77   3.52291
1180.2   2.77069
1441.43   2.23787
+KVIDZALine
ID:Z=2 A=3
2	3
23
1.74081   108.133
10.1485   99.5054
17.5473   93.4346
32.6812   83.7819
47.815   76.6187
75.7287   66.42
103.642   59.0603
138.618   52.0501
173.93   46.6559
220.005   41.0215
266.079   36.61
334.35   31.4561
403.63   27.8745
481.653   24.5769
561.357   22.0436
661.915   19.4666
761.124   17.5012
913.473   15.1644
1063.8   13.3736
1269.62   11.4736
1474.59   10.1085
1779.77   8.50904
2052.48   7.33621
+KVIDZALine
ID:Z=2 A=4
2	4
23
1.53012   122.027
10.9065   112.293
19.1157   105.452
35.7894   94.5581
52.5215   86.4814
83.2259   74.9683
114.108   66.6586
152.893   58.7605
191.678   52.679
242.68   46.3161
293.681   41.3287
370.211   35.7348
446.741   31.6471
533.515   27.9722
620.288   25.0506
732.845   22.1692
845.403   20.002
1013.6   17.4869
1181.8   15.5075
1406.51   13.3081
1631.23   11.4998
1984.35   9.31233
2337.47   7.73166
+KVIDZALine
ID:Z=2 A=6
2	6
23
1.88584   141.658
13.1857   131.455
24.4855   122.701
44.6087   110.101
64.7319   100.394
102.684   86.9196
140.637   77.3827
187.46   68.105
234.283   60.7684
297.541   53.346
360.797   47.8348
454.086   41.441
547.375   36.5443
655.762   32.3038
764.151   29.0848
902.516   25.7395
1040.88   23.0662
1248.71   20.1232
1456.55   18.0023
1739.45   15.6466
2022.34   13.6736
2451.62   11.1814
2880.9   8.97555
+KVIDCutLine
OK:PEDESTAL
above
15
6.83486   22.4721
17.2024   18.4315
27.5699   15.3017
46.0009   11.4967
64.432   9.18685
93.6145   6.91305
122.797   5.58345
172.33   4.22977
221.864   3.39957
273.702   2.64942
325.539   2.01644
433.054   1.31653
540.569   1.21569
764.714   1.03674
1006.93   0.271362
!
# ASCII file generated by KVIDZAGrid::WriteToAsciiFile
# ID Graph Name : ID_SI2_CSI_531
# This file can be read using KVIDZAGrid::ReadFromAsciiFile
# 
++KVIDZAGrid
<NAME> ID_SI2_CSI_531
<VARX> Q3.FPGAEnergy
<VARY> 1*Q2.FPGAEnergy
<PARAMETER> IDTelescopes=ID_SI2_CSI_531
<PARAMETER> Runlist=83000-127081
<PARAMETER> ManualWidth=0.400000
<PARAMETER> ManualWidthScaling=0.000000
+KVIDZALine
ID:Z=1 A=1
1	1
17
1.33345   27.8053
8.14584   24.3821
13.7699   21.9594
21.0268   19.2675
28.2836   17.2037
43.7045   13.9286
58.9439   11.6853
85.0372   9.18498
111.163   7.55522
158.781   5.74561
206.399   4.7736
270.45   3.88064
334.502   3.20334
429.737   2.40951
529.628   1.90264
698.342   1.38801
866.249   1.00573
+KVIDZALine
ID:Z=1 A=2
1	2
19
1.33345   37.7609
13.5191   31.1554
23.2659   27.0703
37.6965   22.7977
52.1269   19.8852
74.7852   16.5056
97.4436   14.0475
126.157   11.8008
154.87   10.2107
198.574   8.51405
242.278   7.33881
310.447   5.96079
378.617   4.96927
456.306   4.20108
533.996   3.66775
641.15   3.08289
748.302   2.60954
960.739   1.90504
1173.17   1.35273
+KVIDZALine
ID:Z=1 A=3
1	3
21
0.323423   44.4689
9.53158   39.5386
16.1094   36.3769
26.9069   32.0998
37.7043   28.7287
57.0653   24.247
76.4264   21.0806
107.205   17.3506
137.985   14.7072
172.487   12.6383
206.989   11.1603
255.346   9.5612
303.704   8.34393
358.305   7.31381
412.906   6.52838
494.448   5.6006
575.989   4.87883
729.333   3.90294
882.676   3.28417
1122.83   2.58292
1371.37   2.08621
+KVIDZALine
ID:Z=2 A=3
2	3
23
1.6562   100.804
9.65525   92.762
16.6944   87.1025
31.0927   78.104
45.491   71.4263
72.0479   61.9187
98.6047   55.0578
131.881   48.5226
165.476   43.4941
209.312   38.2415
253.147   34.129
318.099   29.3243
384.012   25.9855
458.242   22.9113
534.073   20.5497
629.743   18.1473
724.13   16.3151
869.074   14.1367
1012.1   12.4672
1207.91   10.696
1402.91   9.4234
1693.27   7.93238
1952.72   6.83904
+KVIDZALine
ID:Z=2 A=4
2	4
23
1.45575   113.757
10.3764   104.683
18.1866   98.3051
34.0499   88.1499
49.9688   80.6205
79.1807   69.8877
108.562   62.1411
145.462   54.7783
182.362   49.109
230.885   43.1773
279.407   38.5279
352.217   33.313
425.028   29.5024
507.584   26.0765
590.139   23.3529
697.225   20.6668
804.312   18.6464
964.337   16.3018
1124.36   14.4565
1338.15   12.4062
1551.94   10.7205
1887.9   8.68124
2223.86   7.20769
+KVIDZALine
ID:Z=2 A=6
2	6
23
1.79418   132.058
12.5448   122.546
23.2954   114.385
42.4405   102.639
61.5857   93.5908
97.6933   81.0291
133.801   72.1385
178.348   63.4895
222.895   56.6502
283.079   49.7308
343.261   44.5931
432.015   38.6325
520.77   34.0677
623.889   30.1146
727.01   27.1137
858.65   23.9951
990.289   21.503
1188.02   18.7595
1385.75   16.7823
1654.91   14.5862
1924.05   12.747
2332.46   10.4237
2740.87   8.36728
+KVIDCutLine
OK:PEDESTAL
above
15
6.50265   20.9492
16.3662   17.1824
26.2298   14.2647
43.7651   10.7175
61.3003   8.56426
89.0644   6.44455
116.829   5.20506
163.954   3.94312
211.08   3.16918
260.399   2.46987
309.716   1.87979
412.005   1.2273
514.295   1.1333
727.545   0.966484
957.991   0.252972
!
# ASCII file generated by KVIDZAGrid::WriteToAsciiFile
# ID Graph Name : ID_SI2_CSI_534
# This file can be read using KVIDZAGrid::ReadFromAsciiFile
# 
++KVIDZAGrid
<NAME> ID_SI2_CSI_534
<VARX> Q3.FPGAEnergy
<VARY> 1*Q2.FPGAEnergy
<PARAMETER> IDTelescopes=ID_SI2_CSI_534
<PARAMETER> Runlist=83000-127081
<PARAMETER> ManualWidth=0.400000
<PARAMETER> ManualWidthScaling=0.000000
+KVIDZALine
ID:Z=1 A=1
1	1
17
1.34681   28.3685
8.2275   24.8759
13.9079   22.4041
21.2376   19.6577
28.5672   17.5521
44.1426   14.2107
59.5349   11.922
85.8897   9.371
112.278   7.70823
160.373   5.86197
208.468   4.87028
273.162   3.95923
337.855   3.26821
434.045   2.45831
534.937   1.94117
705.343   1.41613
874.933   1.0261
+KVIDZALine
ID:Z=1 A=2
1	2
19
1.34681   38.5256
13.6546   31.7864
23.4992   27.6186
38.0744   23.2594
52.6495   20.2879
75.5349   16.8399
98.4204   14.332
127.422   12.0398
156.423   10.4175
200.565   8.68648
244.707   7.48744
313.56   6.08151
382.413   5.06991
460.881   4.28616
539.349   3.74203
647.577   3.14532
755.804   2.66239
970.37   1.94362
1184.94   1.38013
+KVIDZALine
ID:Z=1 A=3
1	3
21
0.326665   45.3695
9.62713   40.3393
16.2709   37.1136
27.1766   32.7499
38.0823   29.3106
57.6374   24.738
77.1925   21.5075
108.28   17.7019
139.368   15.005
174.216   12.8943
209.065   11.3863
257.906   9.75484
306.749   8.51292
361.897   7.46194
417.046   6.6606
499.404   5.71403
581.763   4.97763
736.645   3.98198
891.525   3.35068
1134.09   2.63524
1385.12   2.12846
+KVIDZALine
ID:Z=2 A=3
2	3
23
1.6728   102.846
9.75205   94.6406
16.8618   88.8666
31.4044   79.6858
45.9471   72.8728
72.7702   63.1727
99.5932   56.1729
133.203   49.5053
167.135   44.3749
211.41   39.016
255.684   34.8202
321.288   29.9182
387.861   26.5118
462.836   23.3753
539.427   20.9659
636.056   18.5148
731.39   16.6455
877.786   14.423
1022.24   12.7197
1220.02   10.9127
1416.98   9.61425
1710.24   8.09303
1972.3   6.97755
+KVIDZALine
ID:Z=2 A=4
2	4
23
1.47034   116.061
10.4804   106.803
18.3689   100.296
34.3912   89.9351
50.4697   82.2533
79.9745   71.3031
109.65   63.3997
146.92   55.8877
184.19   50.1036
233.199   44.0518
282.208   39.3081
355.748   33.9877
429.289   30.0999
512.673   26.6046
596.056   23.8259
704.215   21.0854
812.375   19.0241
974.004   16.632
1135.63   14.7493
1351.57   12.6575
1567.5   10.9376
1906.82   8.85705
2246.16   7.35366
+KVIDZALine
ID:Z=2 A=6
2	6
23
1.81216   134.732
12.6706   125.028
23.529   116.702
42.866   104.718
62.2031   95.4862
98.6726   82.6702
135.142   73.5995
180.136   64.7754
225.13   57.7975
285.917   50.7379
346.702   45.4962
436.346   39.4149
525.991   34.7577
630.144   30.7245
734.298   27.6628
867.257   24.4811
1000.22   21.9385
1199.93   19.1394
1399.65   17.1222
1671.5   14.8816
1943.34   13.0051
2355.84   10.6348
2768.35   8.53673
+KVIDCutLine
OK:PEDESTAL
above
15
6.56784   21.3734
16.5303   17.5304
26.4928   14.5536
44.2038   10.9346
61.9149   8.7377
89.9573   6.57507
118   5.31048
165.598   4.02298
213.196   3.23336
263.009   2.51989
312.821   1.91786
416.136   1.25216
519.45   1.15626
734.839   0.986058
967.594   0.258095
!
# ASCII file generated by KVIDZAGrid::WriteToAsciiFile
# ID Graph Name : ID_SI2_CSI_544
# This file can be read using KVIDZAGrid::ReadFromAsciiFile
# 
++KVIDZAGrid
<NAME> ID_SI2_CSI_544
<VARX> Q3.FPGAEnergy
<VARY> 1*Q2.FPGAEnergy
<PARAMETER> IDTelescopes=ID_SI2_CSI_544
<PARAMETER> Runlist=83000-127081
<PARAMETER> ManualWidth=0.400000
<PARAMETER> ManualWidthScaling=0.000000
+KVIDZALine
ID:Z=1 A=1
1	1
17
1.41569   27.8053
8.64826   24.3821
14.6192   21.9594
22.3237   19.2675
30.0281   17.2037
46.4001   13.9286
62.5795   11.6853
90.2821   9.18498
118.02   7.55522
168.574   5.74561
219.129   4.7736
287.131   3.88064
355.133   3.20334
456.243   2.40951
562.294   1.90264
741.415   1.38801
919.677   1.00573
+KVIDZALine
ID:Z=1 A=2
1	2
19
1.41569   37.7609
14.3529   31.1554
24.7009   27.0703
40.0215   22.7977
55.342   19.8852
79.3978   16.5056
103.454   14.0475
133.938   11.8008
164.422   10.2107
210.822   8.51405
257.221   7.33881
329.595   5.96079
401.969   4.96927
484.45   4.20108
566.932   3.66775
680.694   3.08289
794.456   2.60954
1020   1.90504
1245.53   1.35273
+KVIDZALine
ID:Z=1 A=3
1	3
21
0.343371   44.4689
10.1195   39.5386
17.103   36.3769
28.5664   32.0998
40.0299   28.7287
60.585   24.247
81.1402   21.0806
113.817   17.3506
146.495   14.7072
183.126   12.6383
219.756   11.1603
271.096   9.5612
322.436   8.34393
380.405   7.31381
438.373   6.52838
524.944   5.6006
611.515   4.87883
774.317   3.90294
937.118   3.28417
1192.09   2.58292
1455.95   2.08621
+KVIDZALine
ID:Z=2 A=3
2	3
23
1.75835   100.804
10.2508   92.762
17.7241   87.1025
33.0104   78.104
48.2968   71.4263
76.4917   61.9187
104.686   55.0578
140.015   48.5226
175.683   43.4941
222.221   38.2415
268.76   34.129
337.719   29.3243
407.696   25.9855
486.506   22.9113
567.013   20.5497
668.584   18.1473
768.793   16.3151
922.677   14.1367
1074.52   12.4672
1282.41   10.696
1489.44   9.4234
1797.7   7.93238
2073.16   6.83904
+KVIDZALine
ID:Z=2 A=4
2	4
23
1.54554   113.757
11.0164   104.683
19.3083   98.3051
36.15   88.1499
53.0507   80.6205
84.0644   69.8877
115.257   62.1411
154.434   54.7783
193.61   49.109
245.125   43.1773
296.64   38.5279
373.941   33.313
451.242   29.5024
538.891   26.0765
626.538   23.3529
740.229   20.6668
853.92   18.6464
1023.81   16.3018
1193.71   14.4565
1420.69   12.4062
1647.66   10.7205
2004.34   8.68124
2361.03   7.20769
+KVIDZALine
ID:Z=2 A=6
2	6
23
1.90484   132.058
13.3186   122.546
24.7322   114.385
45.0582   102.639
65.3841   93.5908
103.719   81.0291
142.054   72.1385
189.348   63.4895
236.643   56.6502
300.538   49.7308
364.433   44.5931
458.661   38.6325
552.89   34.0677
662.37   30.1146
771.85   27.1137
911.609   23.9951
1051.37   21.503
1261.3   18.7595
1471.22   16.7823
1756.98   14.5862
2042.72   12.747
2476.32   10.4237
2909.93   8.36728
+KVIDCutLine
OK:PEDESTAL
above
15
6.90372   20.9492
17.3757   17.1824
27.8476   14.2647
46.4644   10.7175
65.0812   8.56426
94.5577   6.44455
124.034   5.20506
174.067   3.94312
224.099   3.16918
276.459   2.46987
328.819   1.87979
437.417   1.2273
546.015   1.1333
772.419   0.966484
1017.08   0.252972
!
# ASCII file generated by KVIDZAGrid::WriteToAsciiFile
# ID Graph Name : ID_SI2_CSI_632
# This file can be read using KVIDZAGrid::ReadFromAsciiFile
# 
++KVIDZAGrid
<NAME> ID_SI2_CSI_632
<VARX> Q3.FPGAEnergy
<VARY> 1*Q2.FPGAEnergy
<PARAMETER> IDTelescopes=ID_SI2_CSI_632
<PARAMETER> Runlist=83000-127081
<PARAMETER> ManualWidth=0.400000
<PARAMETER> ManualWidthScaling=0.000000
+KVIDZALine
ID:Z=1 A=1
1	1
17
1.02753   30.1257
6.27708   26.4167
10.6109   23.7919
16.203   20.8754
21.795   18.6394
33.6781   15.091
45.4214   12.6604
65.5286   9.95143
85.6612   8.1857
122.354   6.22508
159.048   5.17196
208.406   4.20448
257.763   3.47066
331.15   2.61059
408.124   2.06142
538.134   1.50385
667.521   1.08965
+KVIDZALine
ID:Z=1 A=2
1	2
19
1.02753   40.9121
10.4176   33.7553
17.9284   29.3293
29.0484   24.7001
40.1683   21.5446
57.6285   17.883
75.0888   15.2198
97.2154   12.7856
119.341   11.0627
153.019   9.22455
186.696   7.95124
239.227   6.45822
291.757   5.38396
351.624   4.55166
411.491   3.97382
494.062   3.34016
576.633   2.82731
740.333   2.06401
904.032   1.46561
+KVIDZALine
ID:Z=1 A=3
1	3
21
0.249226   48.1798
7.34491   42.8381
12.4137   39.4125
20.7341   34.7786
29.0545   31.1262
43.9738   26.2704
58.8932   22.8398
82.6108   18.7985
106.329   15.9346
132.917   13.693
159.504   12.0916
196.767   10.3591
234.031   9.04024
276.106   7.92415
318.181   7.07317
381.015   6.06797
443.85   5.28596
562.015   4.22863
680.179   3.55823
865.24   2.79847
1056.76   2.26031
+KVIDZALine
ID:Z=2 A=3
2	3
23
1.27625   109.217
7.44022   100.503
12.8645   94.3713
23.9596   84.6218
35.0548   77.3868
55.5192   67.0859
75.9836   59.6524
101.626   52.5719
127.514   47.1236
161.293   41.4327
195.072   36.977
245.124   31.7714
295.914   28.154
353.115   24.8233
411.55   22.2646
485.272   19.6617
558.006   17.6766
669.697   15.3165
779.908   13.5076
930.798   11.5886
1081.07   10.2098
1304.81   8.59434
1504.74   7.40976
+KVIDZALine
ID:Z=2 A=4
2	4
23
1.12178   123.25
7.99592   113.418
14.0144   106.509
26.2384   95.506
38.5053   87.3483
61.0157   75.7198
83.6561   67.3268
112.091   59.3495
140.526   53.2071
177.917   46.7805
215.308   41.743
271.414   36.093
327.521   31.9644
391.138   28.2525
454.754   25.3018
537.273   22.3915
619.793   20.2025
743.105   17.6622
866.42   15.6629
1031.16   13.4416
1195.91   11.6151
1454.79   9.40569
1713.68   7.80917
+KVIDZALine
ID:Z=2 A=6
2	6
23
1.38257   143.077
9.66689   132.772
17.9512   123.93
32.7041   111.205
47.4572   101.401
75.2812   87.791
103.105   78.1585
137.433   68.7877
171.76   61.3776
218.137   53.8808
264.513   48.3144
332.906   41.8564
401.299   36.9106
480.762   32.6277
560.224   29.3763
661.665   25.9975
763.104   23.2975
915.475   20.325
1067.84   18.1828
1275.25   15.8034
1482.65   13.8107
1797.36   11.2935
2112.08   9.06553
+KVIDCutLine
OK:PEDESTAL
above
15
5.01086   22.6974
12.6116   18.6162
20.2124   15.4551
33.7249   11.6119
47.2372   9.27895
68.6319   6.98235
90.027   5.63943
126.341   4.27218
162.656   3.43364
200.66   2.67598
238.663   2.03666
317.486   1.32972
396.309   1.22788
560.637   1.04714
738.216   0.274082
!
# ASCII file generated by KVIDZAGrid::WriteToAsciiFile
# ID Graph Name : ID_SI2_CSI_633
# This file can be read using KVIDZAGrid::ReadFromAsciiFile
# 
++KVIDZAGrid
<NAME> ID_SI2_CSI_633
<VARX> Q3.FPGAEnergy
<VARY> 1*Q2.FPGAEnergy
<PARAMETER> IDTelescopes=ID_SI2_CSI_633
<PARAMETER> Runlist=83000-127081
<PARAMETER> ManualWidth=0.400000
<PARAMETER> ManualWidthScaling=0.000000
+KVIDZALine
ID:Z=1 A=1
1	1
17
1.02733   27.8039
6.27582   24.3809
10.6088   21.9583
16.1997   19.2665
21.7907   17.2029
33.6714   13.9279
45.4124   11.6847
65.5155   9.18452
85.6439   7.55484
122.331   5.74532
159.016   4.77336
208.364   3.88045
257.711   3.20318
331.084   2.40939
408.043   1.90255
538.026   1.38795
667.387   1.00568
+KVIDZALine
ID:Z=1 A=2
1	2
19
1.02733   37.759
10.4156   31.1538
17.9249   27.069
29.0426   22.7966
40.1603   19.8842
57.617   16.5048
75.0737   14.0468
97.1955   11.8002
119.317   10.2102
152.988   8.51362
186.659   7.33844
239.179   5.96049
291.699   4.96902
351.554   4.20087
411.408   3.66756
493.963   3.08273
576.517   2.60941
740.186   1.90495
903.853   1.35266
+KVIDZALine
ID:Z=1 A=3
1	3
21
0.249176   44.4666
7.34345   39.5366
12.4112   36.375
20.7299   32.0982
29.0486   28.7273
43.965   24.2458
58.8814   21.0795
82.5944   17.3497
106.308   14.7064
132.89   12.6377
159.472   11.1597
196.728   9.56072
233.984   8.34352
276.051   7.31345
318.117   6.52805
380.939   5.60032
443.761   4.87858
561.903   3.90274
680.043   3.284
865.069   2.5828
1056.55   2.08611
+KVIDZALine
ID:Z=2 A=3
2	3
23
1.27599   100.799
7.43872   92.7573
12.8619   87.0982
23.9549   78.1001
35.0478   71.4227
55.5081   61.9156
75.9683   55.0551
101.605   48.5202
127.489   43.4919
161.26   38.2396
195.033   34.1273
245.074   29.3228
295.855   25.9842
353.045   22.9102
411.467   20.5487
485.175   18.1464
557.895   16.3143
669.564   14.136
779.752   12.4666
930.613   10.6955
1080.85   9.42293
1304.55   7.93198
1504.44   6.8387
+KVIDZALine
ID:Z=2 A=4
2	4
23
1.12156   113.751
7.99432   104.677
14.0116   98.3002
26.2331   88.1455
38.4976   80.6165
61.0034   69.8842
83.6394   62.138
112.069   54.7755
140.498   49.1065
177.881   43.1751
215.265   38.5259
271.36   33.3113
327.455   29.5009
391.06   26.0752
454.663   23.3518
537.165   20.6658
619.668   18.6455
742.957   16.301
866.244   14.4558
1030.95   12.4056
1195.67   10.72
1454.5   8.6808
1713.34   7.20733
+KVIDZALine
ID:Z=2 A=6
2	6
23
1.3823   132.051
9.66497   122.54
17.9476   114.38
32.6976   102.634
47.4477   93.5861
75.2661   81.0251
103.085   72.1349
137.405   63.4864
171.726   56.6473
218.093   49.7283
264.459   44.5908
332.839   38.6306
401.219   34.066
480.666   30.1131
560.112   27.1123
661.532   23.9939
762.952   21.5019
915.292   18.7586
1067.63   16.7815
1274.99   14.5855
1482.35   12.7463
1797.01   10.4232
2111.66   8.36686
+KVIDCutLine
OK:PEDESTAL
above
15
5.00986   20.9481
12.6091   17.1815
20.2083   14.264
33.7181   10.717
47.2278   8.56383
68.6182   6.44423
90.0086   5.2048
126.316   3.94292
162.623   3.16902
200.62   2.46974
238.616   1.8797
317.422   1.22724
396.23   1.13325
560.525   0.966436
738.068   0.252959
!
# ASCII file generated by KVIDZAGrid::WriteToAsciiFile
# ID Graph Name : ID_SI2_CSI_642
# This file can be read using KVIDZAGrid::ReadFromAsciiFile
# 
++KVIDZAGrid
<NAME> ID_SI2_CSI_642
<VARX> Q3.FPGAEnergy
<VARY> 1*Q2.FPGAEnergy
<PARAMETER> IDTelescopes=ID_SI2_CSI_642
<PARAMETER> Runlist=83000-127081
<PARAMETER> ManualWidth=0.400000
<PARAMETER> ManualWidthScaling=0.000000
+KVIDZALine
ID:Z=1 A=1
1	1
17
0.9871   13.0675
6.03005   11.4587
10.1933   10.3201
15.5653   9.05502
20.9372   8.08512
32.3528   6.54594
43.6339   5.49168
62.9497   4.31661
82.2899   3.55068
117.54   2.70023
152.789   2.24342
200.204   1.82376
247.618   1.50545
318.118   1.13238
392.063   0.894173
516.955   0.652317
641.251   0.472656
+KVIDZALine
ID:Z=1 A=2
1	2
19
0.9871   17.7463
10.0077   14.6419
17.2229   12.7221
27.9052   10.7141
38.5875   9.34532
55.3606   7.75704
72.1337   6.60181
93.389   5.54594
114.644   4.79864
146.997   4.0013
179.349   3.44897
229.812   2.80136
280.276   2.33538
337.785   1.97436
395.296   1.72371
474.618   1.44884
553.939   1.22639
711.197   0.8953
868.455   0.635735
+KVIDZALine
ID:Z=1 A=3
1	3
21
0.239417   20.8988
7.05585   18.5817
11.9251   17.0958
19.9181   15.0858
27.911   13.5015
42.2432   11.3952
56.5755   9.90711
79.3597   8.15413
102.145   6.91185
127.685   5.93956
153.226   5.24492
189.023   4.49342
224.82   3.92135
265.24   3.43723
305.658   3.0681
366.02   2.63208
426.382   2.29287
539.897   1.83424
653.41   1.54344
831.191   1.21388
1015.17   0.980444
+KVIDZALine
ID:Z=2 A=3
2	3
23
1.22602   47.3744
7.14741   43.5948
12.3582   40.9351
23.0168   36.706
33.6752   33.5678
53.3342   29.0996
72.9932   25.8752
97.6259   22.8039
122.496   20.4406
154.945   17.9721
187.395   16.0394
235.476   13.7814
284.269   12.2122
339.219   10.7675
395.353   9.65762
466.174   8.52858
536.045   7.66752
643.341   6.64375
749.215   5.85915
894.171   5.02675
1038.52   4.42866
1253.46   3.72793
1445.52   3.2141
+KVIDZALine
ID:Z=2 A=4
2	4
23
1.07763   53.4616
7.68124   49.197
13.4628   46.1998
25.2058   41.4273
36.9899   37.8887
58.6144   32.8447
80.3639   29.2041
107.68   25.7438
134.996   23.0794
170.915   20.2918
206.834   18.1067
260.732   15.6559
314.631   13.8651
375.745   12.255
436.857   10.975
516.129   9.71266
595.401   8.76315
713.861   7.66127
832.32   6.79404
990.584   5.83048
1148.85   5.03824
1397.53   4.07987
1646.24   3.38735
+KVIDZALine
ID:Z=2 A=6
2	6
23
1.32816   62.0623
9.28641   57.5921
17.2447   53.757
31.4171   48.2367
45.5895   43.9843
72.3185   38.0808
99.0479   33.9025
132.024   29.8378
165.001   26.6235
209.552   23.3717
254.103   20.9571
319.804   18.1559
385.506   16.0106
461.841   14.1528
538.177   12.7425
635.625   11.2768
733.073   10.1056
879.442   8.81629
1025.82   7.88708
1225.06   6.85498
1424.3   5.99062
1726.63   4.89875
2028.96   3.93232
+KVIDCutLine
OK:PEDESTAL
above
15
4.81366   9.84535
12.1153   8.0751
19.417   6.70391
32.3976   5.03686
45.3783   4.02489
65.9309   3.02871
86.4837   2.44619
121.369   1.85312
156.255   1.4894
192.763   1.16075
229.271   0.883433
304.992   0.576789
380.712   0.532612
538.573   0.454213
709.163   0.118888
!
# ASCII file generated by KVIDZAGrid::WriteToAsciiFile
# ID Graph Name : ID_SI2_CSI_821
# This file can be read using KVIDZAGrid::ReadFromAsciiFile
# 
++KVIDZAGrid
<NAME> ID_SI2_CSI_821
<VARX> Q3.FPGAEnergy
<VARY> 1*Q2.FPGAEnergy
<PARAMETER> IDTelescopes=ID_SI2_CSI_821
<PARAMETER> Runlist=83000-127081
<PARAMETER> ManualWidth=0.400000
<PARAMETER> ManualWidthScaling=0.000000
+KVIDZALine
ID:Z=1 A=1
1	1
17
1.14727   29.5292
7.00856   25.8937
11.8474   23.3208
18.0912   20.462
24.3348   18.2703
37.6027   14.7921
50.7144   12.4098
73.1647   9.75442
95.643   8.02361
136.612   6.10181
177.582   5.06955
232.691   4.12122
287.8   3.40193
369.739   2.5589
455.683   2.0206
600.843   1.47407
745.307   1.06808
+KVIDZALine
ID:Z=1 A=2
1	2
19
1.14727   40.1019
11.6316   33.0869
20.0176   28.7486
32.4334   24.2111
44.8491   21.118
64.344   17.5289
83.8389   14.9184
108.544   12.5324
133.248   10.8437
170.85   9.04189
208.452   7.79379
267.104   6.33033
325.756   5.27735
392.599   4.46153
459.442   3.89513
551.635   3.27401
643.827   2.77132
826.604   2.02315
1009.38   1.4366
+KVIDZALine
ID:Z=1 A=3
1	3
21
0.278268   47.2258
8.20082   41.9898
13.8603   38.6321
23.1503   34.0899
32.4402   30.5098
49.0981   25.7502
65.7561   22.3875
92.2375   18.4262
118.72   15.619
148.405   13.4219
178.091   11.8522
219.696   10.154
261.302   8.86123
308.28   7.76724
355.258   6.93312
425.415   5.94782
495.572   5.1813
627.507   4.14491
759.44   3.48777
966.067   2.74306
1179.91   2.21555
+KVIDZALine
ID:Z=2 A=3
2	3
23
1.42497   107.054
8.30723   98.5129
14.3636   92.5026
26.7517   82.9461
39.1397   75.8545
61.9889   65.7574
84.8379   58.4712
113.468   51.5309
142.373   46.1905
180.088   40.6123
217.804   36.2449
273.687   31.1423
330.398   27.5965
394.264   24.3317
459.508   21.8237
541.82   19.2724
623.03   17.3266
747.738   15.0131
870.791   13.2402
1039.27   11.3591
1207.05   10.0076
1456.86   8.42416
1680.09   7.26304
+KVIDZALine
ID:Z=2 A=4
2	4
23
1.2525   120.809
8.92771   111.172
15.6475   104.4
29.296   93.6149
42.9923   85.6187
68.1258   74.2204
93.4043   65.9937
125.153   58.1743
156.901   52.1536
198.649   45.8541
240.398   40.9164
303.042   35.3783
365.687   31.3315
436.717   27.6931
507.747   24.8007
599.882   21.9481
692.017   19.8025
829.7   17.3125
967.379   15.3528
1151.32   13.1754
1335.27   11.3851
1624.32   9.21944
1913.37   7.65454
+KVIDZALine
ID:Z=2 A=6
2	6
23
1.54368   140.245
10.7934   130.143
20.043   121.477
36.5152   109.002
52.9873   99.393
84.0537   86.0526
115.12   76.6108
153.448   67.4257
191.775   60.1623
243.557   52.8139
295.337   47.3577
371.698   41.0276
448.062   36.1798
536.784   31.9816
625.508   28.7946
738.769   25.4827
852.029   22.8361
1022.15   19.9225
1192.29   17.8227
1423.86   15.4905
1655.42   13.5372
2006.81   11.0699
2358.2   8.88602
+KVIDCutLine
OK:PEDESTAL
above
15
5.59478   22.2479
14.0812   18.2476
22.5678   15.1491
37.6548   11.382
52.7418   9.09521
76.6296   6.84409
100.518   5.52776
141.064   4.18758
181.61   3.36566
224.043   2.62299
266.475   1.99633
354.483   1.30339
442.491   1.20356
625.968   1.0264
824.24   0.268655
!
# ASCII file generated by KVIDZAGrid::WriteToAsciiFile
# ID Graph Name : ID_SI2_CSI_824
# This file can be read using KVIDZAGrid::ReadFromAsciiFile
# 
++KVIDZAGrid
<NAME> ID_SI2_CSI_824
<VARX> Q3.FPGAEnergy
<VARY> 1*Q2.FPGAEnergy
<PARAMETER> IDTelescopes=ID_SI2_CSI_824
<PARAMETER> Runlist=83000-127081
<PARAMETER> ManualWidth=0.400000
<PARAMETER> ManualWidthScaling=0.000000
+KVIDZALine
ID:Z=1 A=1
1	1
17
1.15884   29.2346
7.07726   25.5846
11.9635   23.0018
18.2687   20.1324
24.5741   17.9334
37.9741   14.4457
51.2169   12.0591
73.8924   9.40345
96.5967   7.67693
137.979   5.76901
179.361   4.75501
235.026   3.83343
290.692   3.142
373.458   2.34151
460.269   1.84955
606.894   1.38306
752.817   1.05742
+KVIDZALine
ID:Z=1 A=2
1	2
19
1.15884   39.7019
11.7451   32.6583
20.2133   28.3034
32.752   23.7506
45.2913   20.6494
64.981   17.0537
84.6713   14.4415
109.624   12.0579
134.577   10.3749
172.557   8.58578
210.539   7.35302
269.782   5.91588
329.025   4.89123
396.543   4.10959
464.06   3.5786
557.184   3.00711
650.307   2.55464
834.93   1.90725
1019.55   1.42227
+KVIDZALine
ID:Z=1 A=3
1	3
21
0.281072   46.7547
8.2807   41.4975
13.9954   38.1263
23.3767   33.567
32.7584   29.9747
49.5819   25.201
66.4061   21.8312
93.153   17.8655
119.901   15.0595
149.885   12.8684
179.869   11.3078
221.894   9.62496
263.919   8.3495
311.371   7.27684
358.822   6.46531
429.687   5.51505
500.552   4.78464
633.818   3.81818
767.084   3.23283
975.799   2.60195
1191.8   2.19345
+KVIDZALine
ID:Z=2 A=3
2	3
23
1.43932   105.986
8.38388   97.4092
14.4964   91.3749
27.0017   81.7825
39.509   74.6671
62.5807   64.5408
85.6549   57.2391
114.569   50.29
143.762   44.9491
181.854   39.3769
219.948   35.0214
276.394   29.9432
333.674   26.4302
398.185   23.2059
464.087   20.7433
547.232   18.2522
629.262   16.3688
755.23   14.1543
879.528   12.4814
1049.71   10.7401
1219.18   9.53033
1471.53   8.16002
1697.02   7.19059
+KVIDZALine
ID:Z=2 A=4
2	4
23
1.26513   119.604
9.00971   109.927
15.7917   103.127
29.5691   92.3013
43.3973   84.278
68.7755   72.846
94.303   64.6012
126.366   56.7714
158.431   50.7491
200.596   44.4555
242.763   39.5304
306.037   34.0203
369.313   30.0087
441.06   26.4151
512.806   23.571
605.871   20.7856
698.938   18.7105
838.013   16.3296
977.09   14.4814
1162.89   12.4552
1348.7   10.8182
1640.67   8.89632
1932.65   7.57818
+KVIDZALine
ID:Z=2 A=6
2	6
23
1.55923   138.846
10.8943   128.702
20.2305   120.001
36.8593   107.479
53.4904   97.8364
84.8603   84.4562
116.233   74.9939
154.942   65.7955
193.652   58.5282
245.951   51.1868
298.25   45.7468
375.38   39.4489
452.512   34.6407
542.129   30.4955
631.747   27.3665
746.152   24.1323
860.556   21.5666
1032.4   18.7799
1204.25   16.8109
1438.16   14.6593
1672.07   12.8885
2027.02   10.7005
2381.97   8.79738
+KVIDCutLine
OK:PEDESTAL
above
15
5.65115   22.026
14.2217   18.0093
22.7926   14.8989
38.0303   11.1193
53.2686   8.82719
77.3964   6.57453
101.525   5.26126
142.479   3.9307
183.434   3.12094
226.295   2.3916
269.154   1.77884
358.05   1.11772
446.946   1.05264
632.273   0.948068
832.545   0.265975
!
# ASCII file generated by KVIDZAGrid::WriteToAsciiFile
# ID Graph Name : ID_SI2_CSI_913
# This file can be read using KVIDZAGrid::ReadFromAsciiFile
# 
++KVIDZAGrid
<NAME> ID_SI2_CSI_913
<VARX> Q3.FPGAEnergy
<VARY> 1*Q2.FPGAEnergy
<PARAMETER> IDTelescopes=ID_SI2_CSI_913
<PARAMETER> Runlist=83000-127081
<PARAMETER> ManualWidth=0.400000
<PARAMETER> ManualWidthScaling=0.000000
+KVIDZALine
ID:Z=1 A=1
1	1
17
1.25567   28.943
7.67069   25.3797
12.9667   22.8579
19.8003   20.0558
26.6338   17.9076
41.1552   14.4985
55.5057   12.1634
80.077   9.56079
104.679   7.86434
149.519   5.98069
194.359   4.96892
254.675   4.03942
314.991   3.3344
404.671   2.5081
498.735   1.98049
657.608   1.44481
815.721   1.04688
+KVIDZALine
ID:Z=1 A=2
1	2
19
1.25567   39.3059
12.7305   32.4301
21.9088   28.1779
35.4976   23.7305
49.0863   20.6988
70.423   17.1809
91.7597   14.6222
118.798   12.2836
145.837   10.6284
186.991   8.8624
228.146   7.63908
292.339   6.20467
356.532   5.17259
429.69   4.37297
502.848   3.81781
603.751   3.20902
704.654   2.71631
904.699   1.98299
1104.74   1.40808
+KVIDZALine
ID:Z=1 A=3
1	3
21
0.304558   46.2883
8.9756   41.1563
15.1697   37.8652
25.3374   33.4132
35.505   29.9042
53.7367   25.239
71.9684   21.9431
100.952   18.0605
129.936   15.3089
162.426   13.1554
194.916   11.6169
240.452   9.9524
285.989   8.68533
337.405   7.61306
388.821   6.79549
465.606   5.82975
542.391   5.07844
686.791   4.06263
831.189   3.41854
1057.34   2.68861
1291.38   2.17157
+KVIDZALine
ID:Z=2 A=3
2	3
23
1.55959   104.929
9.09206   96.5573
15.7206   90.6664
29.2791   81.2996
42.8375   74.3487
67.8453   64.4521
92.8531   57.3105
124.188   50.508
155.824   45.2736
197.102   39.8061
238.381   35.5254
299.545   30.5241
361.612   27.0487
431.513   23.8487
502.92   21.3905
593.01   18.8898
681.892   16.9827
818.381   14.7151
953.06   12.9773
1137.45   11.1337
1321.08   9.80896
1594.5   8.25694
1838.82   7.11886
+KVIDZALine
ID:Z=2 A=4
2	4
23
1.37084   118.411
9.77113   108.966
17.1258   102.327
32.0637   91.7566
47.0541   83.9191
74.5621   72.7471
102.229   64.6837
136.977   57.0195
171.725   51.1183
217.417   44.9439
263.109   40.1042
331.672   34.676
400.236   30.7095
477.977   27.1434
555.717   24.3084
656.556   21.5124
757.397   19.4094
908.087   16.9688
1058.78   15.048
1260.1   12.9138
1461.42   11.1591
1777.78   9.03643
2094.14   7.50259
+KVIDZALine
ID:Z=2 A=6
2	6
23
1.68952   137.461
11.8131   127.56
21.9366   119.065
39.965   106.839
57.9934   97.42
91.9948   84.3444
125.996   75.0901
167.945   66.0872
209.894   58.968
266.567   51.7655
323.239   46.4176
406.815   40.2132
490.393   35.4616
587.498   31.3467
684.603   28.223
808.564   24.9769
932.525   22.3828
1118.72   19.527
1304.92   17.469
1558.37   15.183
1811.82   13.2685
2196.41   10.8502
2581   8.70962
+KVIDCutLine
OK:PEDESTAL
above
15
6.12335   21.8063
15.4116   17.8854
24.6999   14.8484
41.2123   11.156
57.7247   8.91466
83.8693   6.70823
110.014   5.41803
154.391   4.10446
198.768   3.29885
245.21   2.57092
291.65   1.9567
387.973   1.27752
484.296   1.17967
685.107   1.00603
902.111   0.263322
!
# ASCII file generated by KVIDZAGrid::WriteToAsciiFile
# ID Graph Name : ID_SI2_CSI_921
# This file can be read using KVIDZAGrid::ReadFromAsciiFile
# 
++KVIDZAGrid
<NAME> ID_SI2_CSI_921
<VARX> Q3.FPGAEnergy
<VARY> 1*Q2.FPGAEnergy
<PARAMETER> IDTelescopes=ID_SI2_CSI_921
<PARAMETER> Runlist=83000-127081
<PARAMETER> ManualWidth=0.400000
<PARAMETER> ManualWidthScaling=0.000000
+KVIDZALine
ID:Z=1 A=1
1	1
17
1.11334   28.6529
6.80062   25.1088
11.4958   22.6006
17.5544   19.814
23.6131   17.6779
36.4879   14.2886
49.2116   11.9677
70.9974   9.38249
92.8109   7.69882
132.569   5.83234
172.326   4.83329
225.805   3.91873
279.284   3.22752
358.801   2.4206
442.203   1.91158
583.069   1.40552
723.261   1.03638
+KVIDZALine
ID:Z=1 A=2
1	2
19
1.11334   38.9119
11.2864   32.073
19.4235   27.8439
31.4714   23.4214
43.5194   20.4075
62.4371   16.9111
81.3549   14.369
105.329   12.0469
129.303   10.4047
165.791   8.65462
202.281   7.4445
259.199   6.02828
316.117   5.01234
380.982   4.2292
445.849   3.68928
535.315   3.10071
624.782   2.62763
802.153   1.93199
979.524   1.39396
+KVIDZALine
ID:Z=1 A=3
1	3
21
0.270037   45.8243
7.95734   40.7198
13.4488   37.4466
22.4632   33.0188
31.4778   29.5294
47.6422   24.891
63.8069   21.6149
89.5046   17.7569
115.203   15.0243
144.01   12.8872
172.818   11.3619
213.193   9.71359
253.568   8.46065
299.157   7.40251
344.745   6.59779
412.827   5.64992
480.909   4.91541
608.942   3.92914
736.974   3.31271
937.493   2.62468
1145.01   2.1498
+KVIDZALine
ID:Z=2 A=3
2	3
23
1.38282   103.877
8.05917   95.5501
13.9347   89.6909
25.9539   80.3753
37.9737   73.4634
60.1445   63.6238
82.316   56.5251
110.098   49.7654
138.147   44.5661
174.745   39.1372
211.344   34.8891
265.575   29.9293
320.608   26.4879
382.585   23.3227
445.899   20.8957
525.778   18.4314
604.587   16.5573
725.606   14.3371
845.022   12.6435
1008.52   10.8577
1171.33   9.58795
1413.77   8.11562
1630.4   7.0475
+KVIDZALine
ID:Z=2 A=4
2	4
23
1.21546   117.224
8.66098   107.829
15.1801   101.226
28.4221   90.7132
41.7113   82.9197
66.0985   71.8118
90.6277   63.7965
121.435   56.1805
152.243   50.3184
192.756   44.1875
233.268   39.3844
294.059   34.0017
354.851   30.0734
423.781   26.5457
492.709   23.7454
582.12   20.9901
671.531   18.9241
805.142   16.5353
938.753   14.6638
1117.26   12.5931
1295.76   10.8999
1576.27   8.87071
1856.78   7.42738
+KVIDZALine
ID:Z=2 A=6
2	6
23
1.49802   136.083
10.4715   126.235
19.4454   117.786
35.4272   105.626
51.4098   96.2598
81.5541   83.259
111.7   74.0601
148.892   65.1135
186.084   58.0409
236.332   50.889
286.58   45.5822
360.683   39.43
434.788   34.7232
520.886   30.6532
606.985   27.5693
716.896   24.3702
826.808   21.8198
991.904   19.0245
1156.99   17.0227
1381.73   14.8109
1606.44   12.9685
1947.45   10.6572
2288.45   8.62231
+KVIDCutLine
OK:PEDESTAL
above
15
5.42929   21.5877
13.6642   17.6878
21.8993   14.6673
36.5397   10.9957
51.1803   8.76767
74.3612   6.57555
97.5425   5.29501
136.889   3.99338
176.236   3.19715
217.414   2.47844
258.591   1.87286
343.996   1.20858
429.402   1.12269
607.452   0.973809
799.86   0.260682
!
# ASCII file generated by KVIDZAGrid::WriteToAsciiFile
# ID Graph Name : ID_SI2_CSI_944
# This file can be read using KVIDZAGrid::ReadFromAsciiFile
# 
++KVIDZAGrid
<NAME> ID_SI2_CSI_944
<VARX> Q3.FPGAEnergy
<VARY> 1*Q2.FPGAEnergy
<PARAMETER> IDTelescopes=ID_SI2_CSI_944
<PARAMETER> Runlist=83000-127081
<PARAMETER> ManualWidth=0.400000
<PARAMETER> ManualWidthScaling=0.000000
+KVIDZALine
ID:Z=1 A=1
1	1
17
1.33337   29.8267
8.14544   26.1546
13.7692   23.5558
21.0258   20.6682
28.2822   18.4544
43.7023   14.9412
58.941   12.5348
85.033   9.8527
111.157   8.10445
158.773   6.16329
206.389   5.12063
270.437   4.16275
334.485   3.43621
429.716   2.58468
529.602   2.04096
698.307   1.48892
866.206   1.07884
+KVIDZALine
ID:Z=1 A=2
1	2
19
1.33337   40.506
13.5184   33.4203
23.2647   29.0382
37.6945   24.455
52.1243   21.3308
74.7814   17.7055
97.4387   15.0687
126.151   12.6587
154.862   10.9529
198.564   9.13299
242.266   7.87231
310.432   6.39412
378.598   5.33052
456.283   4.50648
533.97   3.93438
641.117   3.307
748.265   2.79925
960.69   2.04353
1173.11   1.45107
+KVIDZALine
ID:Z=1 A=3
1	3
21
0.323407   47.7016
9.5311   42.4129
16.1086   39.0213
26.9056   34.4334
37.7024   30.8172
57.0625   26.0096
76.4225   22.6131
107.2   18.6119
137.977   15.7763
172.478   13.5571
206.979   11.9716
255.333   10.2563
303.689   8.95051
358.287   7.8455
412.886   7.00297
494.423   6.00775
575.96   5.2335
729.297   4.18667
882.632   3.52291
1122.77   2.77069
1371.3   2.23787
+KVIDZALine
ID:Z=2 A=3
2	3
23
1.65612   108.133
9.65477   99.5054
16.6936   93.4346
31.0912   83.7819
45.4887   76.6187
72.0443   66.42
98.5998   59.0603
131.874   52.0501
165.468   46.6559
209.301   41.0215
253.133   36.61
318.083   31.4561
383.992   27.8745
458.219   24.5769
534.047   22.0436
629.711   19.4666
724.094   17.5012
869.031   15.1644
1012.05   13.3736
1207.85   11.4736
1402.84   10.1085
1693.19   8.50904
1952.62   7.33621
+KVIDZALine
ID:Z=2 A=4
2	4
23
1.45568   122.027
10.3759   112.293
18.1857   105.452
34.0481   94.5581
49.9662   86.4814
79.1768   74.9683
108.556   66.6586
145.455   58.7605
182.353   52.679
230.874   46.3161
279.393   41.3287
352.2   35.7348
425.006   31.6471
507.559   27.9722
590.11   25.0506
697.19   22.1692
804.272   20.002
964.288   17.4869
1124.3   15.5075
1338.08   13.3081
1551.86   11.4998
1887.81   9.31233
2223.75   7.73166
+KVIDZALine
ID:Z=2 A=6
2	6
23
1.79409   141.658
12.5442   131.455
23.2942   122.701
42.4384   110.101
61.5826   100.394
97.6884   86.9196
133.794   77.3827
178.339   68.105
222.884   60.7684
283.065   53.346
343.244   47.8348
431.994   41.441
520.744   36.5443
623.858   32.3038
726.974   29.0848
858.606   25.7395
990.24   23.0662
1187.96   20.1232
1385.68   18.0023
1654.82   15.6466
1923.95   13.6736
2332.34   11.1814
2740.73   8.97555
+KVIDCutLine
OK:PEDESTAL
above
15
6.50233   22.4721
16.3654   18.4315
26.2285   15.3017
43.7629   11.4967
61.2973   9.18685
89.06   6.91305
116.823   5.58345
163.946   4.22977
211.07   3.39957
260.385   2.64942
309.701   2.01644
411.985   1.31653
514.269   1.21569
727.509   1.03674
957.943   0.271362
!
# ASCII file generated by KVIDZAGrid::WriteToAsciiFile
# ID Graph Name : ID_SI2_CSI_1123
# This file can be read using KVIDZAGrid::ReadFromAsciiFile
# 
++KVIDZAGrid
<NAME> ID_SI2_CSI_1123
<VARX> Q3.FPGAEnergy
<VARY> 1*Q2.FPGAEnergy
<PARAMETER> IDTelescopes=ID_SI2_CSI_1123
<PARAMETER> Runlist=83000-127081
<PARAMETER> ManualWidth=0.400000
<PARAMETER> ManualWidthScaling=0.000000
+KVIDZALine
ID:Z=1 A=1
1	1
17
1.32021   28.943
8.06499   25.3797
13.6332   22.8579
20.8181   20.0558
28.0029   17.9076
43.2707   14.4985
58.3589   12.1634
84.1932   9.56079
110.06   7.86434
157.205   5.98069
204.35   4.96892
267.766   4.03942
331.182   3.3344
425.472   2.5081
524.371   1.98049
691.411   1.44481
857.651   1.04688
+KVIDZALine
ID:Z=1 A=2
1	2
19
1.32021   39.3059
13.3849   32.4301
23.035   28.1779
37.3223   23.7305
51.6095   20.6988
74.0429   17.1809
96.4764   14.6222
124.905   12.2836
153.333   10.6284
196.603   8.8624
239.873   7.63908
307.366   6.20467
374.859   5.17259
451.777   4.37297
528.696   3.81781
634.786   3.20902
740.875   2.71631
951.203   1.98299
1161.53   1.40808
+KVIDZALine
ID:Z=1 A=3
1	3
21
0.320213   46.2883
9.43697   41.1563
15.9495   37.8652
26.6398   33.4132
37.3301   29.9042
56.4989   25.239
75.6678   21.9431
106.141   18.0605
136.615   15.3089
170.775   13.1554
204.935   11.6169
252.812   9.9524
300.69   8.68533
354.749   7.61306
408.808   6.79549
489.54   5.82975
570.272   5.07844
722.094   4.06263
873.915   3.41854
1111.69   2.68861
1357.76   2.17157
+KVIDZALine
ID:Z=2 A=3
2	3
23
1.63976   104.929
9.55942   96.5573
16.5287   90.6664
30.7841   81.2996
45.0395   74.3487
71.3328   64.4521
97.626   57.3105
130.572   50.508
163.834   45.2736
207.234   39.8061
250.634   35.5254
314.942   30.5241
380.2   27.0487
453.694   23.8487
528.772   21.3905
623.492   18.8898
716.943   16.9827
860.448   14.7151
1002.05   12.9773
1195.92   11.1337
1388.99   9.80896
1676.46   8.25694
1933.34   7.11886
+KVIDZALine
ID:Z=2 A=4
2	4
23
1.4413   118.411
10.2734   108.966
18.0061   102.327
33.7119   91.7566
49.4728   83.9191
78.3948   72.7471
107.484   64.6837
144.018   57.0195
180.552   51.1183
228.593   44.9439
276.634   40.1042
348.721   34.676
420.809   30.7095
502.546   27.1434
584.282   24.3084
690.305   21.5124
796.329   19.4094
954.765   16.9688
1113.2   15.048
1324.87   12.9138
1536.54   11.1591
1869.16   9.03643
2201.79   7.50259
+KVIDZALine
ID:Z=2 A=6
2	6
23
1.77637   137.461
12.4203   127.56
23.0642   119.065
42.0193   106.839
60.9744   97.42
96.7236   84.3444
132.473   75.0901
176.578   66.0872
220.683   58.968
280.269   51.7655
339.854   46.4176
427.727   40.2132
515.601   35.4616
617.697   31.3467
719.794   28.223
850.127   24.9769
980.46   22.3828
1176.23   19.527
1372   17.469
1638.48   15.183
1904.95   13.2685
2309.31   10.8502
2713.67   8.70962
+KVIDCutLine
OK:PEDESTAL
above
15
6.43811   21.8063
16.2038   17.8854
25.9695   14.8484
43.3307   11.156
60.6919   8.91466
88.1804   6.70823
115.669   5.41803
162.327   4.10446
208.985   3.29885
257.814   2.57092
306.642   1.9567
407.916   1.27752
509.19   1.17967
720.324   1.00603
948.482   0.263322
!
# ASCII file generated by KVIDZAGrid::WriteToAsciiFile
# ID Graph Name : ID_SI2_CSI_1124
# This file can be read using KVIDZAGrid::ReadFromAsciiFile
# 
++KVIDZAGrid
<NAME> ID_SI2_CSI_1124
<VARX> Q3.FPGAEnergy
<VARY> 1*Q2.FPGAEnergy
<PARAMETER> IDTelescopes=ID_SI2_CSI_1124
<PARAMETER> Runlist=83000-127081
<PARAMETER> ManualWidth=0.400000
<PARAMETER> ManualWidthScaling=0.000000
+KVIDZALine
ID:Z=1 A=1
1	1
17
1.34681   29.8267
8.2275   26.1546
13.9079   23.5558
21.2376   20.6682
28.5672   18.4544
44.1426   14.9412
59.5349   12.5348
85.8897   9.8527
112.278   8.10445
160.373   6.16329
208.468   5.12063
273.162   4.16275
337.855   3.43621
434.045   2.58468
534.937   2.04096
705.343   1.48892
874.933   1.07884
+KVIDZALine
ID:Z=1 A=2
1	2
19
1.34681   40.506
13.6546   33.4203
23.4992   29.0382
38.0744   24.455
52.6495   21.3308
75.5349   17.7055
98.4204   15.0687
127.422   12.6587
156.423   10.9529
200.565   9.13299
244.707   7.87231
313.56   6.39412
382.413   5.33052
460.881   4.50648
539.349   3.93438
647.577   3.307
755.804   2.79925
970.37   2.04353
1184.94   1.45107
+KVIDZALine
ID:Z=1 A=3
1	3
21
0.326665   47.7016
9.62713   42.4129
16.2709   39.0213
27.1766   34.4334
38.0823   30.8172
57.6374   26.0096
77.1925   22.6131
108.28   18.6119
139.368   15.7763
174.216   13.5571
209.065   11.9716
257.906   10.2563
306.749   8.95051
361.897   7.8455
417.046   7.00297
499.404   6.00775
581.763   5.2335
736.645   4.18667
891.525   3.52291
1134.09   2.77069
1385.12   2.23787
+KVIDZALine
ID:Z=2 A=3
2	3
23
1.6728   108.133
9.75205   99.5054
16.8618   93.4346
31.4044   83.7819
45.9471   76.6187
72.7702   66.42
99.5932   59.0603
133.203   52.0501
167.135   46.6559
211.41   41.0215
255.684   36.61
321.288   31.4561
387.861   27.8745
462.836   24.5769
539.427   22.0436
636.056   19.4666
731.39   17.5012
877.786   15.1644
1022.24   13.3736
1220.02   11.4736
1416.98   10.1085
1710.24   8.50904
1972.3   7.33621
+KVIDZALine
ID:Z=2 A=4
2	4
23
1.47034   122.027
10.4804   112.293
18.3689   105.452
34.3912   94.5581
50.4697   86.4814
79.9745   74.9683
109.65   66.6586
146.92   58.7605
184.19   52.679
233.199   46.3161
282.208   41.3287
355.748   35.7348
429.289   31.6471
512.673   27.9722
596.056   25.0506
704.215   22.1692
812.375   20.002
974.004   17.4869
1135.63   15.5075
1351.57   13.3081
1567.5   11.4998
1906.82   9.31233
2246.16   7.73166
+KVIDZALine
ID:Z=2 A=6
2	6
23
1.81216   141.658
12.6706   131.455
23.529   122.701
42.866   110.101
62.2031   100.394
98.6726   86.9196
135.142   77.3827
180.136   68.105
225.13   60.7684
285.917   53.346
346.702   47.8348
436.346   41.441
525.991   36.5443
630.144   32.3038
734.298   29.0848
867.257   25.7395
1000.22   23.0662
1199.93   20.1232
1399.65   18.0023
1671.5   15.6466
1943.34   13.6736
2355.84   11.1814
2768.35   8.97555
+KVIDCutLine
OK:PEDESTAL
above
15
6.56784   22.4721
16.5303   18.4315
26.4928   15.3017
44.2038   11.4967
61.9149   9.18685
89.9573   6.91305
118   5.58345
165.598   4.22977
213.196   3.39957
263.009   2.64942
312.821   2.01644
416.136   1.31653
519.45   1.21569
734.839   1.03674
967.594   0.271362
!
