# ASCII file generated by KVIDZAGrid::WriteToAsciiFile
# ID Graph Name : ID_SI2_CSI_14
# This file can be read using KVIDZAGrid::ReadFromAsciiFile
# 
++KVIDZAGrid
<NAME> ID_SI2_CSI_14
<VARX> Q3.FPGAEnergy
<VARY> 1*Q2.FPGAEnergy
<PARAMETER> IDTelescopes=ID_SI2_CSI_14
<PARAMETER> Runlist=16000-44103
<PARAMETER> ManualWidth=0.400000
<PARAMETER> ManualWidthScaling=0.000000
+KVIDZALine
ID:Z=1 A=1
1	1
17
1.23012   29.77
6.96651   26.3884
12.7029   23.511
19.3975   20.7104
26.0921   18.4193
40.2345   14.8657
54.3768   12.511
79.3333   9.77839
104.29   8.09622
147.348   6.22779
190.406   5.1109
251.39   4.17145
312.374   3.61874
404.615   2.98916
496.855   2.48788
651.226   1.85436
805.597   1.35703
+KVIDZALine
ID:Z=1 A=2
1	2
19
1.40004   40.4263
11.5783   33.8762
21.7566   28.9718
35.1156   24.4263
48.4746   21.2747
69.2553   17.664
90.0359   15.055
116.542   12.6459
143.048   10.9328
183.337   9.11218
223.626   7.86857
287.028   6.44604
350.43   5.46094
422.951   4.70854
495.471   4.20241
594.497   3.68683
693.523   3.29043
889.667   2.64811
1085.81   1.8495
+KVIDZALine
ID:Z=1 A=3
1	3
21
0.298364   47.611
7.57978   42.9511
14.8612   38.9473
24.822   34.4004
34.7829   30.7587
52.6437   25.9408
70.5046   22.5701
98.8988   18.5859
127.293   15.7463
159.122   13.5297
190.951   11.9489
235.562   10.2292
280.172   8.93351
330.861   7.88342
381.55   7.1175
457.675   6.19322
533.8   5.4577
683.504   4.44183
833.208   3.826
1053.86   3.22408
1274.52   2.41292
+KVIDZALine
ID:Z=2 A=3
2	3
23
1.52787   107.927
8.90713   99.3165
15.4009   93.2572
28.6835   83.6227
41.9662   76.4733
66.4654   66.2938
90.9645   58.9482
121.663   51.9513
152.655   46.5674
193.093   40.9437
233.532   36.5406
293.452   31.3963
354.257   27.8216
422.736   24.5302
492.691   22.0017
580.948   19.4296
668.023   17.4679
801.735   15.1357
933.675   13.3482
1114.32   11.4518
1294.21   10.0893
1562.07   8.49288
1801.41   7.32229
+KVIDZALine
ID:Z=2 A=4
2	4
23
1.34295   121.795
9.57239   112.079
16.7774   105.251
31.4115   94.3785
46.097   86.3171
73.0456   74.8259
100.15   66.5321
134.191   58.6489
168.232   52.579
212.995   46.2282
257.758   41.2502
324.926   35.6669
392.095   31.5871
468.255   27.919
544.413   25.0031
643.202   22.1272
741.992   19.964
889.617   17.4537
1037.37   15.6896
1237.68   13.6397
1435.26   12.0408
1750.18   10.3067
2060.33   9.1588
+KVIDZALine
ID:Z=2 A=6
2	6
23
1.65516   141.388
11.5728   131.205
21.4904   122.468
39.1521   109.892
56.8138   100.204
90.1237   86.7546
121.614   77.0046
163.059   67.8185
205.625   60.653
261.145   53.2447
316.664   47.7441
398.541   41.3623
480.419   36.4749
575.548   32.2425
670.679   29.0296
792.119   25.6906
913.558   23.0224
1095.97   20.0851
1278.39   17.9682
1526.68   15.6168
1774.97   13.6476
2151.74   11.1602
2528.51   8.9585
+KVIDCutLine
OK:PEDESTAL
above
15
5.99881   22.4294
15.0981   18.3965
24.1974   15.2727
40.374   11.4748
56.5506   9.16941
82.1634   6.89993
107.777   5.57286
151.251   4.22174
194.725   3.39312
240.222   2.64439
285.719   2.01261
380.082   1.31402
474.445   1.21339
671.173   1.03478
883.762   0.270847
!
# ASCII file generated by KVIDZAGrid::WriteToAsciiFile
# ID Graph Name : ID_SI2_CSI_31
# This file can be read using KVIDZAGrid::ReadFromAsciiFile
# 
++KVIDZAGrid
<NAME> ID_SI2_CSI_31
<VARX> Q3.FPGAEnergy
<VARY> 1*Q2.FPGAEnergy
<PARAMETER> IDTelescopes=ID_SI2_CSI_31
<PARAMETER> Runlist=16000-44103
<PARAMETER> ManualWidth=0.400000
<PARAMETER> ManualWidthScaling=0.000000
+KVIDZALine
ID:Z=1 A=1
1	1
17
1.13499   30.4247
6.42769   26.9762
11.7204   24.028
17.8972   21.1561
24.074   18.8243
37.9076   15.1544
51.7413   12.8548
73.6262   10.2674
95.5111   8.44374
135.595   6.35248
175.679   5.22329
230.439   4.23599
285.199   3.55693
369.226   2.79078
453.253   2.2497
596.182   1.66322
739.112   1.22289
+KVIDZALine
ID:Z=1 A=2
1	2
19
1.13499   41.3181
10.469   34.6266
19.8031   29.6204
32.0858   24.9751
44.3685   21.7584
63.6545   18.0398
82.9405   15.3708
107.925   12.9195
132.91   11.1992
169.564   9.35948
206.218   8.03015
264.513   6.50735
322.807   5.48735
390.195   4.71021
457.582   4.16888
549.077   3.5477
640.571   3.00723
821.777   2.17311
1002.98   1.6498
+KVIDZALine
ID:Z=1 A=3
1	3
21
0.275286   48.658
6.99349   43.8947
13.7117   39.8037
22.9021   35.1583
32.0926   31.4351
48.572   26.5004
65.0514   23.0664
92.0718   19.0001
119.092   16.1442
147.637   13.9005
176.182   12.2116
217.681   10.4402
259.179   9.19056
306.233   8.08638
353.288   7.19357
421.775   6.14852
490.262   5.33843
621.331   4.2691
752.4   3.64679
959.83   3.07206
1167.26   2.28274
+KVIDZALine
ID:Z=2 A=3
2	3
23
1.67686   108.391
7.42342   101.337
13.17   95.4963
26.8298   85.3486
40.4897   78.3675
63.4463   68.669
86.403   60.7001
113.817   53.4416
141.231   48.0014
179.007   42.2425
216.784   37.8033
273.047   32.6271
329.309   28.7072
393.067   25.3583
456.825   22.7919
536.837   20.2064
616.85   18.1358
739.799   15.6923
862.747   13.8806
1028.77   12.0253
1194.8   10.6239
1428.44   9.05592
1662.09   7.4833
+KVIDZALine
ID:Z=2 A=4
2	4
23
1.23908   124.473
8.35944   115.197
15.4798   107.565
29.464   96.3089
43.4483   88.2727
69.1067   76.9754
94.7651   68.4522
126.461   60.3275
158.157   54.0124
200.533   47.3492
242.909   42.1935
304.338   36.6124
365.767   32.5074
436.509   28.7512
507.25   25.7768
598.588   22.8774
689.925   20.6603
823.47   17.9737
957.016   15.8184
1140.48   13.6669
1323.94   12.2026
1613.98   10.539
1904.01   8.60469
+KVIDZALine
ID:Z=2 A=6
2	6
23
1.52714   144.498
10.6777   134.087
19.8282   125.161
36.1239   112.314
52.4196   102.407
83.1533   88.6143
113.887   78.9342
153.41   69.4789
192.933   62.1654
244.305   54.7184
295.678   48.9358
371.221   42.4356
446.765   37.5522
532.785   33.154
618.806   29.6679
730.852   26.1685
842.899   23.5286
1011.2   20.5689
1179.5   18.3632
1408.59   15.9372
1637.68   13.9477
1985.31   11.4515
2332.94   9.1555
+KVIDCutLine
OK:PEDESTAL
above
15
5.53482   22.9227
13.9303   18.8011
22.3259   15.6086
37.2513   11.7272
52.1767   9.37104
75.8085   7.05165
99.4404   5.69539
139.552   4.31457
179.664   3.46773
221.642   2.70253
263.62   2.05687
350.684   1.34292
437.749   1.24006
619.262   1.05753
815.408   0.276802
!
# ASCII file generated by KVIDZAGrid::WriteToAsciiFile
# ID Graph Name : ID_SI2_CSI_34
# This file can be read using KVIDZAGrid::ReadFromAsciiFile
# 
++KVIDZAGrid
<NAME> ID_SI2_CSI_34
<VARX> Q3.FPGAEnergy
<VARY> 1*Q2.FPGAEnergy
<PARAMETER> IDTelescopes=ID_SI2_CSI_34
<PARAMETER> Runlist=16000-44103
<PARAMETER> ManualWidth=0.400000
<PARAMETER> ManualWidthScaling=0.000000
+KVIDZALine
ID:Z=1 A=1
1	1
17
0.656322   19.1112
4.00939   16.7583
6.77754   15.0932
10.3494   13.243
13.9212   11.8245
21.5114   9.57343
29.0122   8.03158
41.8554   6.31304
54.7146   5.19287
78.1521   3.94908
101.589   3.281
133.116   2.66725
164.642   2.20172
211.517   1.65611
260.683   1.30773
343.724   0.954013
426.368   0.691259
+KVIDZALine
ID:Z=1 A=2
1	2
19
0.656322   25.9539
6.6541   21.4138
11.4515   18.606
18.5542   15.6694
25.6569   13.6675
36.8093   11.3447
47.9618   9.65514
62.0946   8.11094
76.2271   7.01802
97.7382   5.85189
119.249   5.04412
152.802   4.09698
186.355   3.41549
224.594   2.8875
262.833   2.52092
315.574   2.11894
368.315   1.7936
472.876   1.30938
577.437   0.929762
+KVIDZALine
ID:Z=1 A=3
1	3
21
0.159189   30.5644
4.69144   27.1757
7.92905   25.0026
13.2436   22.0629
18.5581   19.7459
28.0876   16.6655
37.6171   14.4891
52.7664   11.9254
67.916   10.1086
84.8982   8.68661
101.88   7.6707
125.682   6.57162
149.483   5.73497
176.358   5.02695
203.233   4.4871
243.367   3.84942
283.502   3.35333
358.978   2.68258
434.453   2.25728
552.66   1.7753
674.99   1.4339
+KVIDZALine
ID:Z=2 A=3
2	3
23
0.815181   69.2851
4.79191   64.4278
8.76864   60.1394
15.5797   53.9759
22.3907   49.0929
35.462   42.4152
48.5333   37.8425
64.0883   33.2952
79.6433   29.5358
101.995   25.7048
124.346   23.075
156.513   20.0464
188.679   17.6399
225.578   15.577
262.477   14.0332
309.447   12.47
356.417   11.2137
427.285   9.71751
498.154   8.569
594.334   7.37231
690.515   6.47691
825.822   5.53226
961.13   4.70062
+KVIDZALine
ID:Z=2 A=4
2	4
23
0.71652   78.1876
4.83399   72.378
8.95146   67.5673
16.773   60.5735
24.5946   55.4123
38.2206   48.2978
51.8466   42.8335
69.7788   37.5152
87.711   33.5721
111.309   29.4025
134.907   26.0932
170.991   22.3885
207.074   19.7675
247.701   17.4474
288.327   15.6169
342.179   13.8175
396.031   12.4843
473.975   10.9288
551.918   9.68032
657.893   8.36392
763.867   7.36843
929.228   6.15995
1094.59   4.954
+KVIDZALine
ID:Z=2 A=6
2	6
23
0.883095   90.7661
6.17456   84.2285
11.466   78.6196
20.8892   70.5462
30.3125   64.327
48.0847   55.6931
65.8569   49.5824
87.783   43.6378
109.709   38.9369
139.331   34.1811
168.953   30.6498
212.638   26.553
256.323   23.4155
307.079   20.6984
357.835   18.6358
422.628   16.4924
487.421   14.7795
584.745   12.8938
682.069   11.5348
814.545   10.0254
947.017   8.76127
1148.04   7.16442
1349.06   5.75101
+KVIDCutLine
OK:PEDESTAL
above
15
3.20061   14.3988
8.05547   11.8098
12.9103   9.80447
21.5412   7.3664
30.172   5.8864
43.8375   4.42948
57.5031   3.57756
80.6984   2.71019
103.894   2.17825
128.168   1.69759
152.442   1.29202
202.789   0.843554
253.136   0.778945
358.098   0.664286
471.523   0.173873
+KVIDCutLine
OK:cut
right
4
5.54342   8.01459
5.31922   42.4021
5.69873   124.953
6.58426   396.285
!
# ASCII file generated by KVIDZAGrid::WriteToAsciiFile
# ID Graph Name : ID_SI2_CSI_41
# This file can be read using KVIDZAGrid::ReadFromAsciiFile
# 
++KVIDZAGrid
<NAME> ID_SI2_CSI_41
<VARX> Q3.FPGAEnergy
<VARY> 1*Q2.FPGAEnergy
<PARAMETER> IDTelescopes=ID_SI2_CSI_41
<PARAMETER> Runlist=16000-44103
<PARAMETER> ManualWidth=0.400000
<PARAMETER> ManualWidthScaling=0.000000
+KVIDZALine
ID:Z=1 A=1
1	1
17
1.37381   28.943
8.39246   25.3797
14.1868   22.8579
21.6634   20.0558
29.1399   17.9076
45.0277   14.4985
60.7284   12.1634
87.6117   9.56079
114.528   7.86434
163.588   5.98069
212.648   4.96892
278.638   4.03942
345.664   3.43079
446.063   2.69685
546.19   2.17878
719.484   1.44481
892.474   1.04688
+KVIDZALine
ID:Z=1 A=2
1	2
19
1.37381   39.3059
12.672   32.9409
23.9702   28.1779
38.8376   23.7578
53.705   20.6988
77.0495   17.1673
100.394   14.6222
129.976   12.2886
159.558   10.6284
204.585   8.8614
249.612   7.63908
319.846   6.19372
390.08   5.17259
470.624   4.44745
551.169   3.9743
661.444   3.37213
771.72   2.78554
990.766   2.01252
1208.69   1.40808
+KVIDZALine
ID:Z=1 A=3
1	3
21
0.196918   46.2696
8.29254   41.7196
16.3882   37.8569
27.547   33.4712
38.7058   29.9307
57.3039   25.3225
75.9019   21.9187
107.649   17.9209
139.396   15.3318
174.172   13.2033
208.947   11.5718
260.905   9.86598
312.863   8.6988
369.095   7.67028
425.327   6.81024
509.346   5.81827
593.365   5.09337
752.311   4.16705
911.257   3.62396
1162.02   3.06252
1412.77   2.1747
+KVIDZALine
ID:Z=2 A=3
2	3
23
1.70634   104.929
9.94756   96.5573
17.1998   90.6664
32.034   81.2996
46.8682   74.3487
74.2291   64.4521
101.59   57.3105
135.874   50.508
170.486   45.2736
215.648   39.8061
260.811   35.5254
327.729   30.5241
390.695   26.9201
469.702   23.8051
547.286   21.3729
648.807   18.8898
746.053   16.9827
895.385   14.7151
1042.74   12.9773
1244.48   11.1337
1445.39   9.80896
1744.53   8.25694
2011.84   7.11886
+KVIDZALine
ID:Z=2 A=4
2	4
23
1.49982   118.411
10.1185   109.624
18.7372   102.327
35.1093   91.7024
51.4815   83.9191
81.6647   72.9534
111.848   64.6837
146.284   57.1489
180.72   51.1818
230.189   44.8326
279.657   40.2221
355.462   34.7521
431.266   30.5785
518.459   26.9127
605.651   24.1352
717.157   21.4539
828.662   19.4094
993.531   16.9944
1158.4   15.048
1378.66   12.9002
1598.93   11.1591
1945.06   9.06543
2291.19   7.50259
+KVIDZALine
ID:Z=2 A=6
2	6
23
1.8485   137.461
12.9247   127.56
24.0007   119.065
43.7254   106.839
63.4501   97.42
100.651   84.3444
137.851   75.0901
183.748   66.0872
229.643   58.968
291.649   51.7655
353.653   46.4176
445.094   40.2132
536.536   35.4616
642.777   31.3467
749.02   28.223
884.645   24.9769
1020.27   22.3828
1223.99   19.527
1427.71   17.469
1705.01   15.183
1982.3   13.2685
2403.08   10.8502
2823.85   8.70962
+KVIDCutLine
OK:PEDESTAL
above
15
6.69952   21.8063
16.8617   17.8854
27.0239   14.8484
45.0901   11.156
63.1561   8.91466
91.7608   6.70823
120.366   5.41803
168.918   4.10446
217.471   3.29885
268.282   2.57092
319.093   1.9567
424.479   1.27752
529.864   1.17967
749.571   1.00603
986.993   0.263322
!
# ASCII file generated by KVIDZAGrid::WriteToAsciiFile
# ID Graph Name : ID_SI2_CSI_43
# This file can be read using KVIDZAGrid::ReadFromAsciiFile
# 
++KVIDZAGrid
<NAME> ID_SI2_CSI_43
<VARX> Q3.FPGAEnergy
<VARY> 1*Q2.FPGAEnergy
<PARAMETER> IDTelescopes=ID_SI2_CSI_43
<PARAMETER> Runlist=16000-44103
<PARAMETER> ManualWidth=0.400000
<PARAMETER> ManualWidthScaling=0.000000
+KVIDZALine
ID:Z=1 A=1
1	1
17
1.31968   27.5279
8.06177   24.1389
13.6277   21.7404
20.8098   19.0753
27.9917   17.0321
43.2534   13.7897
58.3355   11.5687
84.1595   9.09336
110.016   7.47986
157.142   5.6883
204.269   4.72598
267.659   3.84193
331.05   3.17139
425.619   2.62115
526.356   2.10576
691.913   1.46958
857.308   0.995698
+KVIDZALine
ID:Z=1 A=2
1	2
19
1.31968   37.3842
12.1727   31.3167
23.0257   26.8003
37.3073   22.618
51.5889   19.6868
72.3397   16.3855
93.0906   13.9066
121.341   11.6274
149.592   10.1401
193.067   8.43931
236.543   7.1762
305.626   5.79208
374.709   4.9197
451.774   4.26629
528.838   3.79538
634.905   3.26703
740.971   2.82801
954.527   2.13323
1168.08   1.55422
+KVIDZALine
ID:Z=1 A=3
1	3
21
0.320085   44.0253
9.43319   39.1442
15.9431   36.014
26.6291   31.7796
37.3152   28.4421
56.4763   24.0051
75.6375   20.8703
106.098   17.1775
136.561   14.5605
170.706   12.5122
204.853   11.049
252.711   9.46583
300.57   8.2607
354.607   7.24085
408.644   6.46326
489.345   5.54473
570.044   4.83016
721.805   3.86401
873.565   3.25141
1111.25   2.55716
1357.22   2.0654
+KVIDZALine
ID:Z=2 A=3
2	3
23
1.63911   99.7985
9.55557   91.8367
16.5221   86.2337
31.1268   77.6195
44.7573   71.1958
71.9007   61.7897
97.587   54.5086
130.52   48.0386
163.769   43.0602
207.151   37.86
250.533   33.7886
314.816   29.0318
380.048   25.7263
453.513   22.6828
528.561   20.3447
623.242   17.9663
716.656   16.1524
860.104   13.9957
1001.65   12.3428
1195.44   10.5893
1388.43   9.3294
1675.79   7.85325
1932.56   6.77082
+KVIDZALine
ID:Z=2 A=4
2	4
23
1.44072   112.622
10.2693   103.639
17.9989   97.3245
34.2994   87.5924
50.045   80.0981
78.8335   69.7743
107.504   61.8977
143.961   54.2319
180.48   48.6191
228.501   42.7466
276.523   38.1436
348.582   32.9807
420.641   29.2081
502.345   25.8164
584.048   23.12
690.029   20.4606
796.011   18.4604
954.385   16.1392
1112.75   14.3123
1324.34   12.2824
1535.92   10.6136
1868.41   8.59464
2200.91   7.13579
+KVIDZALine
ID:Z=2 A=6
2	6
23
1.77566   130.741
12.4154   121.324
23.055   113.244
42.0025   101.615
60.95   92.6572
96.6853   80.2208
132.42   71.4189
176.508   62.8562
220.594   56.0851
280.157   49.2347
339.718   44.1483
427.556   38.2471
515.395   33.7279
617.45   29.8142
719.506   26.8432
849.787   23.7557
980.07   21.2885
1175.76   18.5724
1371.45   16.6149
1637.82   14.4407
1904.19   12.6198
2308.39   10.3197
2712.59   8.28382
+KVIDCutLine
OK:PEDESTAL
above
15
6.43553   20.7402
16.1973   17.011
25.9591   14.1224
43.3133   10.6106
60.6676   8.47883
88.1451   6.38027
115.623   5.15314
162.262   3.90379
208.902   3.13757
257.711   2.44523
306.519   1.86104
407.753   1.21506
508.986   1.122
720.036   0.956843
948.099   0.250449
!
# ASCII file generated by KVIDZAGrid::WriteToAsciiFile
# ID Graph Name : ID_SI2_CSI_113
# This file can be read using KVIDZAGrid::ReadFromAsciiFile
# 
++KVIDZAGrid
<NAME> ID_SI2_CSI_113
<VARX> Q3.FPGAEnergy
<VARY> 1*Q2.FPGAEnergy
<PARAMETER> IDTelescopes=ID_SI2_CSI_113
<PARAMETER> Runlist=16000-44103
<PARAMETER> ManualWidth=0.400000
<PARAMETER> ManualWidthScaling=0.000000
+KVIDZALine
ID:Z=1 A=1
1	1
17
1.47332   29.2346
9.0003   25.6354
15.2143   23.0882
23.2324   20.2579
31.2505   18.088
48.2889   14.6446
65.1269   12.286
93.9573   9.65712
122.824   7.94358
175.436   6.04095
228.049   5.01898
298.819   4.08012
369.59   3.368
474.815   2.53337
585.183   2.00044
771.595   1.45936
957.115   1.05742
+KVIDZALine
ID:Z=1 A=2
1	2
19
1.47332   39.7019
14.9372   32.7569
25.7064   28.4618
41.6506   23.9696
57.5948   20.9074
82.6298   17.354
107.665   14.7696
139.391   12.4074
171.115   10.7355
219.403   8.9517
267.692   7.71604
343.012   6.26719
418.332   5.22471
504.171   4.41703
590.01   3.85628
708.404   3.24135
826.796   2.74368
1061.52   2.00297
1296.24   1.42227
+KVIDZALine
ID:Z=1 A=3
1	3
21
0.357349   46.7547
10.5314   41.571
17.7992   38.2467
29.7293   33.7498
41.6594   30.2055
63.0512   25.4933
84.4432   22.1642
118.45   18.2424
152.459   15.4632
190.58   13.288
228.702   11.7339
282.131   10.0527
335.562   8.77284
395.89   7.68977
456.218   6.86396
546.313   5.88849
636.408   5.12961
805.837   4.10356
975.265   3.45298
1240.62   2.71569
1515.22   2.19345
+KVIDZALine
ID:Z=2 A=3
2	3
23
1.82993   105.986
10.668   97.5302
18.4456   91.5799
34.3542   82.1187
50.2628   75.0978
79.6054   65.1015
108.948   57.888
145.715   51.0168
182.834   45.7298
231.267   40.2072
279.701   35.8833
351.467   30.8316
424.293   27.3212
506.31   24.089
590.095   21.606
695.8   19.0801
800.088   17.1538
960.236   14.8634
1118.26   13.1081
1334.61   11.2458
1550.07   9.90779
1870.88   8.34013
2157.55   7.19059
+KVIDZALine
ID:Z=2 A=4
2	4
23
1.60845   119.604
11.4648   110.064
20.0943   103.358
37.6215   92.6811
55.2103   84.7647
87.4864   73.4801
119.949   65.3354
160.72   57.594
201.491   51.6333
255.103   45.3967
308.716   40.5083
389.163   35.0254
469.611   31.0189
560.827   27.4169
652.042   24.5533
770.361   21.7292
888.681   19.6049
1065.49   17.1398
1242.3   15.1996
1478.52   13.0439
1714.74   11.2716
2085.93   9.12748
2457.14   7.57818
+KVIDZALine
ID:Z=2 A=6
2	6
23
1.98238   138.846
13.8607   128.845
25.739   120.265
46.8924   107.915
68.0457   98.4016
107.941   85.1942
147.836   75.8466
197.056   66.7531
246.276   59.5621
312.772   52.2871
379.268   46.8853
477.331   40.6183
575.396   35.8189
689.333   31.6626
803.27   28.5074
948.718   25.2285
1094.17   22.6083
1312.64   19.7238
1531.11   17.645
1828.5   15.336
2125.87   13.4022
2577.13   10.9595
3028.38   8.79738
+KVIDCutLine
OK:PEDESTAL
above
15
7.18475   22.026
18.083   18.0656
28.9812   14.998
48.3559   11.2685
67.7305   9.00448
98.4069   6.77582
129.083   5.47262
181.152   4.14581
233.221   3.33208
287.713   2.59682
342.204   1.97642
455.223   1.29039
568.242   1.19156
803.862   1.01616
1058.48   0.265975
!
# ASCII file generated by KVIDZAGrid::WriteToAsciiFile
# ID Graph Name : ID_SI2_CSI_241
# This file can be read using KVIDZAGrid::ReadFromAsciiFile
# 
++KVIDZAGrid
<NAME> ID_SI2_CSI_241
<VARX> Q3.FPGAEnergy
<VARY> 1*Q2.FPGAEnergy
<PARAMETER> IDTelescopes=ID_SI2_CSI_241
<PARAMETER> Runlist=16000-44103
<PARAMETER> ManualWidth=0.400000
<PARAMETER> ManualWidthScaling=0.000000
+KVIDZALine
ID:Z=1 A=1
1	1
17
1.00674   28.6485
6.15002   25.1215
10.3961   22.6253
15.875   19.8518
21.3538   17.7255
32.9964   14.351
44.502   12.0397
64.2021   9.46352
83.927   7.78433
119.878   5.91985
155.829   4.91837
204.187   3.99832
252.546   3.30048
324.447   2.48259
399.863   1.96034
527.241   1.4301
654.009   1.03622
+KVIDZALine
ID:Z=1 A=2
1	2
19
1.00674   38.906
10.2068   32.1002
17.5655   27.8913
28.4604   23.489
39.3553   20.4882
56.462   17.0061
73.5688   14.4735
95.2472   12.1587
116.925   10.5203
149.921   8.77225
182.917   7.56136
234.385   6.14155
285.852   5.11997
344.506   4.32848
403.162   3.77897
484.061   3.17637
564.96   2.68868
725.347   1.96282
885.733   1.39376
+KVIDZALine
ID:Z=1 A=3
1	3
21
0.24418   45.8174
7.19623   40.7376
12.1624   37.48
20.3144   33.0733
28.4664   29.6
43.0836   24.9823
57.7011   21.7198
80.9386   17.8768
104.177   15.1532
130.226   13.0217
156.275   11.4987
192.784   9.85115
229.293   8.59697
270.517   7.53561
311.74   6.72636
373.303   5.77045
434.865   5.02679
550.638   4.0213
666.41   3.38376
847.728   2.66125
1035.37   2.14948
+KVIDZALine
ID:Z=2 A=3
2	3
23
1.25041   103.862
7.28961   95.5751
12.6041   89.7441
23.4746   80.4726
34.3452   73.5924
54.3954   63.7965
74.4455   56.7275
99.5687   49.9942
124.933   44.8131
158.028   39.4012
191.123   35.1639
240.161   30.2136
289.925   26.7735
345.968   23.6061
403.22   21.1729
475.449   18.6976
546.71   16.8099
656.142   14.5654
764.121   12.8453
911.958   11.0204
1059.19   9.70918
1278.4   8.17294
1474.28   7.04644
+KVIDZALine
ID:Z=2 A=4
2	4
23
1.09908   117.207
7.83406   107.857
13.7306   101.286
25.7073   90.8232
37.7259   83.0654
59.7805   72.0071
81.9628   64.0256
109.822   56.4395
137.682   50.5983
174.315   44.4866
210.949   39.6963
265.92   34.3233
320.891   30.3971
383.221   26.8673
445.548   24.0611
526.397   21.2935
607.247   19.2119
728.063   16.7961
848.879   14.895
1010.29   12.7824
1171.7   11.0456
1425.34   8.9445
1678.99   7.42626
+KVIDZALine
ID:Z=2 A=6
2	6
23
1.35459   136.062
9.47119   126.262
17.5878   117.854
32.0421   105.752
46.4965   96.429
73.7574   83.4864
101.018   74.3262
134.651   65.4149
168.284   58.3682
213.721   51.2389
259.159   45.9454
326.167   39.804
393.175   35.1008
471.03   31.0279
548.885   27.9359
648.271   24.7227
747.658   22.1551
896.943   19.3284
1046.23   17.2912
1249.44   15.0286
1452.63   13.1336
1760.98   10.7398
2069.33   8.62102
+KVIDCutLine
OK:PEDESTAL
above
15
4.90943   21.5845
12.3564   17.7035
19.8032   14.6973
33.0422   11.0425
46.2811   8.82398
67.2427   6.63999
88.2043   5.36291
123.783   4.0627
159.363   3.26529
196.598   2.54477
233.832   1.93679
311.059   1.26453
388.286   1.16767
549.289   0.995794
723.272   0.260643
!
# ASCII file generated by KVIDZAGrid::WriteToAsciiFile
# ID Graph Name : ID_SI2_CSI_314
# This file can be read using KVIDZAGrid::ReadFromAsciiFile
# 
++KVIDZAGrid
<NAME> ID_SI2_CSI_314
<VARX> Q3.FPGAEnergy
<VARY> 1*Q2.FPGAEnergy
<PARAMETER> IDTelescopes=ID_SI2_CSI_314
<PARAMETER> Runlist=16000-44103
<PARAMETER> ManualWidth=0.400000
<PARAMETER> ManualWidthScaling=0.000000
+KVIDZALine
ID:Z=1 A=1
1	1
17
1.13975   29.5262
6.96259   25.8911
11.7697   23.3185
17.9725   20.4599
24.1752   18.2685
37.3561   14.7906
50.3818   12.4085
72.6849   9.75344
95.016   8.02281
135.717   6.1012
176.417   5.06904
231.165   4.12081
285.913   3.40159
367.314   2.55864
452.695   2.0204
596.902   1.47392
740.42   1.06797
+KVIDZALine
ID:Z=1 A=2
1	2
19
1.13975   40.0979
11.5553   33.0836
19.8863   28.7457
32.2207   24.2086
44.555   21.1159
63.922   17.5271
83.2891   14.9169
107.832   12.5311
132.374   10.8426
169.73   9.04098
207.084   7.79301
265.352   6.3297
323.62   5.27682
390.023   4.46109
456.428   3.89474
548.017   3.27369
639.605   2.77105
821.184   2.02294
1002.76   1.43645
+KVIDZALine
ID:Z=1 A=3
1	3
21
0.276443   47.221
8.14704   41.9856
13.7694   38.6282
22.9984   34.0865
32.2274   30.5067
48.7761   25.7476
65.3248   22.3853
91.6327   18.4244
117.941   15.6174
147.432   13.4205
176.922   11.851
218.255   10.1529
259.589   8.86034
306.258   7.76647
352.929   6.93242
422.624   5.94723
492.322   5.18078
623.392   4.14449
754.46   3.48743
959.734   2.74278
1172.17   2.21533
+KVIDZALine
ID:Z=2 A=3
2	3
23
1.41563   107.043
8.25275   98.503
14.2695   92.4933
26.5762   82.9378
38.883   75.8469
61.5824   65.7509
84.2816   58.4654
112.724   51.5257
141.439   46.1859
178.907   40.6082
216.375   36.2412
271.893   31.1392
328.23   27.5937
391.678   24.3293
456.494   21.8215
538.267   19.2705
618.945   17.3249
742.833   15.0116
865.08   13.2388
1032.45   11.358
1199.13   10.0066
1447.3   8.42332
1669.07   7.26231
+KVIDZALine
ID:Z=2 A=4
2	4
23
1.24428   120.797
8.86914   111.161
15.5449   104.389
29.1039   93.6055
42.7104   85.6101
67.6791   74.213
92.792   65.9871
124.333   58.1685
155.872   52.1483
197.347   45.8496
238.822   40.9123
301.055   35.3748
363.288   31.3283
433.853   27.6904
504.416   24.7982
595.948   21.9459
687.48   19.8005
824.259   17.3107
961.037   15.3512
1143.77   13.174
1326.51   11.384
1613.66   9.21852
1900.83   7.65377
+KVIDZALine
ID:Z=2 A=6
2	6
23
1.53356   140.231
10.7226   130.13
19.9116   121.465
36.2757   108.992
52.6398   99.3831
83.5025   86.044
114.365   76.6032
152.442   67.4189
190.518   60.1562
241.959   52.8086
293.4   47.353
369.261   41.0235
445.123   36.1762
533.265   31.9784
621.406   28.7918
733.924   25.4802
846.442   22.8338
1015.45   19.9205
1184.46   17.821
1414.51   15.4889
1644.56   13.5359
1993.65   11.0688
2342.74   8.88513
+KVIDCutLine
OK:PEDESTAL
above
15
5.55809   22.2457
13.989   18.2458
22.4197   15.1476
37.4079   11.3808
52.3959   9.0943
76.1271   6.84341
99.8583   5.52721
140.138   4.18716
180.419   3.36532
222.573   2.62273
264.727   1.99613
352.158   1.30326
439.589   1.20344
621.863   1.0263
818.835   0.268628
!
# ASCII file generated by KVIDZAGrid::WriteToAsciiFile
# ID Graph Name : ID_SI2_CSI_321
# This file can be read using KVIDZAGrid::ReadFromAsciiFile
# 
++KVIDZAGrid
<NAME> ID_SI2_CSI_321
<VARX> Q3.FPGAEnergy
<VARY> 1*Q2.FPGAEnergy
<PARAMETER> IDTelescopes=ID_SI2_CSI_321
<PARAMETER> Runlist=16000-44103
<PARAMETER> ManualWidth=0.400000
<PARAMETER> ManualWidthScaling=0.000000
+KVIDZALine
ID:Z=1 A=1
1	1
17
1.13566   9.71695
6.43178   8.64362
11.7279   7.72124
17.9086   6.82163
24.0893   6.09654
38.421   4.96529
52.7528   4.30162
74.232   3.55958
95.7111   2.98218
135.748   2.24632
175.786   1.81244
230.336   1.45992
284.887   1.24294
367.979   0.974259
451.07   0.747353
594.415   0.467974
737.76   0.351465
+KVIDZALine
ID:Z=1 A=2
1	2
19
1.13566   13.196
10.4758   11.1015
19.8159   9.54666
32.1112   8.11846
44.4066   7.13901
64.1675   5.97944
83.9283   5.14233
108.599   4.38566
133.269   3.83456
169.806   3.218
206.343   2.76301
264.401   2.25514
322.46   1.9188
388.625   1.64292
454.791   1.43348
546.05   1.20142
637.309   1.01523
818.233   0.730444
999.157   0.472731
+KVIDZALine
ID:Z=1 A=3
1	3
21
0.27545   15.5402
6.99801   14.0517
13.7206   12.7782
23.1722   11.3097
32.6238   10.1632
49.8071   8.70086
66.9904   7.69948
92.029   6.46332
117.068   5.49263
147.138   4.78894
177.209   4.36
217.836   3.80032
258.462   3.27409
305.063   2.82108
351.664   2.49926
421.11   2.14976
490.556   1.89347
621.154   1.52879
751.752   1.26798
959.853   0.981043
1167.95   0.729055
+KVIDZALine
ID:Z=2 A=3
2	3
23
1.41054   35.2274
7.81525   32.6412
14.22   30.5514
26.9132   27.5261
39.6065   25.4041
61.9617   22.3725
84.3169   19.9631
112.794   17.6969
141.271   15.9764
178.438   14.0221
215.606   12.3986
271.333   10.7142
327.059   9.56871
390.283   8.4311
453.506   7.46519
535.345   6.58428
617.184   5.95524
736.803   5.12945
856.422   4.40885
1026.06   3.66289
1195.69   3.16106
1433.19   2.62864
1670.68   1.98178
+KVIDZALine
ID:Z=2 A=4
2	4
23
1.91223   38.5295
8.70163   36.4013
15.491   34.4807
29.1996   31.1717
42.9082   28.5171
68.0148   24.9409
93.1214   22.4242
124.212   19.9323
155.303   17.9109
196.549   15.8214
237.794   14.2095
299.893   12.3025
361.993   10.8629
432.304   9.6498
502.614   8.69867
592.771   7.63357
682.927   6.74845
817.323   5.82455
951.718   5.19012
1136.15   4.43717
1320.58   3.76104
1609.73   2.87886
1898.87   2.24678
+KVIDZALine
ID:Z=2 A=6
2	6
23
1.52806   46.1493
10.6853   42.9034
19.8422   40.1179
36.1491   36.1072
52.4555   33.0158
83.2088   28.7205
113.962   25.6763
151.902   22.7113
189.843   20.3629
241.099   17.9812
292.355   16.2066
367.945   14.1405
443.535   12.5501
531.359   11.1625
619.184   10.0995
731.297   8.98527
843.411   8.08452
1011.82   7.07227
1180.22   6.32119
1409.45   5.46762
1638.67   4.73569
1986.49   3.7844
2334.32   2.92406
+KVIDCutLine
OK:PEDESTAL
above
15
5.53813   7.32096
13.9389   6.03534
22.3396   5.03911
37.2741   3.82687
52.2085   3.08971
75.8545   2.36205
99.5005   1.9344
139.636   1.49545
179.772   1.2228
221.775   0.975192
263.778   0.764807
350.894   0.523187
438.011   0.471906
619.63   0.374934
815.894   0.0884044
!
# ASCII file generated by KVIDZAGrid::WriteToAsciiFile
# ID Graph Name : ID_SI2_CSI_332
# This file can be read using KVIDZAGrid::ReadFromAsciiFile
# 
++KVIDZAGrid
<NAME> ID_SI2_CSI_332
<VARX> Q3.FPGAEnergy
<VARY> 1*Q2.FPGAEnergy
<PARAMETER> IDTelescopes=ID_SI2_CSI_332
<PARAMETER> Runlist=16000-44103
<PARAMETER> ManualWidth=0.400000
<PARAMETER> ManualWidthScaling=0.000000
+KVIDZALine
ID:Z=1 A=1
1	1
17
1.294   29.5292
7.9049   25.8937
13.3626   23.3208
20.4049   20.462
27.447   18.2703
42.4118   14.7921
57.2004   12.4098
82.5219   9.75442
107.875   8.02361
154.084   6.10181
200.294   5.06955
262.451   4.12122
324.608   3.40193
417.026   2.5589
513.962   2.0206
677.686   1.47407
840.626   1.06808
+KVIDZALine
ID:Z=1 A=2
1	2
19
1.294   40.1019
13.1192   33.0869
22.5777   28.7486
36.5814   24.2111
50.585   21.118
72.5731   17.5289
94.5613   14.9184
122.426   12.5324
150.289   10.8437
192.7   9.04189
235.111   7.79379
301.265   6.33033
367.418   5.27735
442.809   4.46153
518.201   3.89513
622.185   3.27401
726.168   2.77132
932.321   2.02315
1138.47   1.4366
+KVIDZALine
ID:Z=1 A=3
1	3
21
0.313857   47.2258
9.24964   41.9898
15.6329   38.6321
26.111   34.0899
36.5891   30.5098
55.3774   25.7502
74.1658   22.3875
104.034   18.4262
133.903   15.619
167.385   13.4219
200.867   11.8522
247.794   10.154
294.721   8.86123
347.707   7.76724
400.693   6.93312
479.822   5.94782
558.952   5.1813
707.76   4.14491
856.567   3.48777
1089.62   2.74306
1330.81   2.21555
+KVIDZALine
ID:Z=2 A=3
2	3
23
1.60721   107.054
9.36966   98.5129
16.2006   92.5026
30.173   82.9461
44.1454   75.8545
69.9168   65.7574
95.6881   58.4712
127.98   51.5309
160.582   46.1905
203.12   40.6123
245.659   36.2449
308.69   31.1423
372.653   27.5965
444.688   24.3317
518.276   21.8237
611.115   19.2724
702.711   17.3266
843.368   15.0131
982.159   13.2402
1172.18   11.3591
1361.42   10.0076
1643.18   8.42416
1894.96   7.26304
+KVIDZALine
ID:Z=2 A=4
2	4
23
1.41269   120.809
10.0695   111.172
17.6487   104.4
33.0427   93.6149
48.4907   85.6187
76.8386   74.2204
105.35   65.9937
141.159   58.1743
176.968   52.1536
224.055   45.8541
271.143   40.9164
341.799   35.3783
412.456   31.3315
492.57   27.6931
572.684   24.8007
676.602   21.9481
780.521   19.8025
935.812   17.3125
1091.1   15.3528
1298.57   13.1754
1506.04   11.3851
1832.06   9.21944
2158.08   7.65454
+KVIDZALine
ID:Z=2 A=6
2	6
23
1.74111   140.245
12.1738   130.143
22.6064   121.477
41.1852   109.002
59.764   99.393
94.8036   86.0526
129.843   76.6108
173.073   67.4257
216.302   60.1623
274.706   52.8139
333.108   47.3577
419.236   41.0276
505.366   36.1798
605.435   31.9816
705.506   28.7946
833.252   25.4827
960.997   22.8361
1152.88   19.9225
1344.77   17.8227
1605.96   15.4905
1867.14   13.5372
2263.47   11.0699
2659.8   8.88602
+KVIDCutLine
OK:PEDESTAL
above
15
6.31031   22.2479
15.8821   18.2476
25.454   15.1491
42.4706   11.382
59.4871   9.09521
86.43   6.84409
113.373   5.52776
159.105   4.18758
204.837   3.36566
252.696   2.62299
300.555   1.99633
399.819   1.30339
499.082   1.20356
706.025   1.0264
929.654   0.268655
!
# ASCII file generated by KVIDZAGrid::WriteToAsciiFile
# ID Graph Name : ID_SI2_CSI_343
# This file can be read using KVIDZAGrid::ReadFromAsciiFile
# 
++KVIDZAGrid
<NAME> ID_SI2_CSI_343
<VARX> Q3.FPGAEnergy
<VARY> 1*Q2.FPGAEnergy
<PARAMETER> IDTelescopes=ID_SI2_CSI_343
<PARAMETER> Runlist=16000-44103
<PARAMETER> ManualWidth=0.400000
<PARAMETER> ManualWidthScaling=0.000000
+KVIDZALine
ID:Z=1 A=1
1	1
17
1.25567   11.0348
7.67069   9.67625
12.9667   8.71478
19.8003   7.64647
26.6338   6.82745
41.1552   5.52769
55.5057   4.63742
80.077   3.64514
104.679   2.99835
149.519   2.28019
194.359   1.89445
254.675   1.54007
314.991   1.27127
404.671   0.956237
498.735   0.75508
657.608   0.550846
815.721   0.399132
+KVIDZALine
ID:Z=1 A=2
1	2
19
1.25567   14.9857
12.7305   12.3643
21.9088   10.7431
35.4976   9.04746
49.0863   7.89162
70.423   6.5504
91.7597   5.57486
118.798   4.68324
145.837   4.05219
186.991   3.37888
228.146   2.91247
292.339   2.36559
356.532   1.9721
429.69   1.66724
502.848   1.45558
603.751   1.22347
704.654   1.03562
904.699   0.756032
1104.74   0.536843
+KVIDZALine
ID:Z=1 A=3
1	3
21
0.304558   17.6479
8.9756   15.6912
15.1697   14.4365
25.3374   12.7391
35.505   11.4012
53.7367   9.62262
71.9684   8.36601
100.952   6.88572
129.936   5.83668
162.426   5.01564
194.916   4.42905
240.452   3.79445
285.989   3.31136
337.405   2.90255
388.821   2.59085
465.606   2.22265
542.391   1.93621
686.791   1.54892
831.189   1.30335
1057.34   1.02506
1291.38   0.827932
+KVIDZALine
ID:Z=2 A=3
2	3
23
1.55959   40.0051
9.09206   36.8134
15.7206   34.5674
29.2791   30.9962
42.8375   28.3462
67.8453   24.573
92.8531   21.8502
124.188   19.2566
155.824   17.261
197.102   15.1765
238.381   13.5444
299.545   11.6376
361.612   10.3126
431.513   9.09255
502.92   8.15533
593.01   7.20192
681.892   6.4748
818.381   5.61028
953.06   4.94773
1137.45   4.24482
1321.08   3.73976
1594.5   3.14804
1838.82   2.71413
+KVIDZALine
ID:Z=2 A=4
2	4
23
1.37084   45.1454
9.77113   41.5442
17.1258   39.0132
32.0637   34.9831
47.0541   31.995
74.5621   27.7355
102.229   24.6613
136.977   21.7392
171.725   19.4893
217.417   17.1353
263.109   15.2901
331.672   13.2206
400.236   11.7083
477.977   10.3487
555.717   9.26781
656.556   8.20181
757.397   7.4
908.087   6.46952
1058.78   5.7372
1260.1   4.92352
1461.42   4.25452
1777.78   3.44523
2094.14   2.86043
+KVIDZALine
ID:Z=2 A=6
2	6
23
1.68952   52.4082
11.8131   48.6334
21.9366   45.3948
39.965   40.7333
57.9934   37.1423
91.9948   32.1571
125.996   28.6288
167.945   25.1964
209.894   22.4821
266.567   19.7361
323.239   17.6972
406.815   15.3317
490.393   13.5201
587.498   11.9512
684.603   10.7603
808.564   9.52267
932.525   8.53366
1118.72   7.44487
1304.92   6.6602
1558.37   5.78866
1811.82   5.05875
2196.41   4.13673
2581   3.32063
+KVIDCutLine
OK:PEDESTAL
above
15
6.12335   8.31386
15.4116   6.81898
24.6999   5.66108
41.2123   4.25335
57.7247   3.3988
83.8693   2.55758
110.014   2.06568
154.391   1.56486
198.768   1.25772
245.21   0.980188
291.65   0.746011
387.973   0.487067
484.296   0.449762
685.107   0.383558
902.111   0.100394
!
# ASCII file generated by KVIDZAGrid::WriteToAsciiFile
# ID Graph Name : ID_SI2_CSI_344
# This file can be read using KVIDZAGrid::ReadFromAsciiFile
# 
++KVIDZAGrid
<NAME> ID_SI2_CSI_344
<VARX> Q3.FPGAEnergy
<VARY> 1*Q2.FPGAEnergy
<PARAMETER> IDTelescopes=ID_SI2_CSI_344
<PARAMETER> Runlist=16000-44103
<PARAMETER> ManualWidth=0.400000
<PARAMETER> ManualWidthScaling=0.000000
+KVIDZALine
ID:Z=1 A=1
1	1
17
1.10218   13.1604
6.73307   11.5401
11.3817   10.3935
17.38   9.11936
23.3783   8.14258
36.1246   6.59245
48.721   5.5307
70.2888   4.34728
91.8837   3.57591
131.243   2.71941
170.602   2.25936
223.545   1.83672
276.488   1.51615
355.206   1.14043
437.772   0.900526
577.225   0.656952
716.011   0.476014
+KVIDZALine
ID:Z=1 A=2
1	2
19
1.10218   17.8724
11.1744   14.7459
19.2308   12.8125
31.1586   10.7902
43.0863   9.41173
61.8148   7.81216
80.5435   6.64872
104.277   5.58535
128.01   4.83274
164.134   4.02973
200.258   3.47348
256.605   2.82126
312.952   2.35197
377.167   1.98839
441.383   1.73596
529.952   1.45914
618.521   1.2351
794.113   0.901662
969.705   0.640252
+KVIDZALine
ID:Z=1 A=3
1	3
21
0.26733   21.0473
7.87847   18.7137
13.3155   17.2173
22.2403   15.193
31.1651   13.5974
47.1682   11.4762
63.1714   9.97751
88.612   8.21207
114.053   6.96096
142.572   5.98177
171.09   5.28219
211.06   4.52535
251.031   3.94921
296.163   3.46165
341.294   3.0899
408.693   2.65079
476.092   2.30916
602.841   1.84727
729.589   1.55441
928.096   1.22251
1133.53   0.987411
+KVIDZALine
ID:Z=2 A=3
2	3
23
1.36896   47.7111
7.9807   43.9046
13.799   41.2259
25.7001   36.9669
37.6013   33.8063
59.5523   29.3063
81.5032   26.0591
109.008   22.9659
136.777   20.5859
173.01   18.0998
209.242   16.1534
262.93   13.8793
317.411   12.299
378.767   10.844
441.446   9.72625
520.523   8.58919
598.541   7.722
718.346   6.69096
836.563   5.90078
998.416   5.06247
1159.6   4.46013
1399.6   3.75442
1614.05   3.23694
+KVIDZALine
ID:Z=2 A=4
2	4
23
1.20327   53.8415
8.57676   49.5466
15.0324   46.5281
28.1444   41.7216
41.3024   38.158
65.448   33.0781
89.7332   29.4116
120.234   25.9267
150.734   23.2434
190.841   20.436
230.948   18.2354
291.13   15.7672
351.313   13.9636
419.551   12.3421
487.789   11.053
576.302   9.78168
664.816   8.82542
797.087   7.71571
929.357   6.84232
1106.07   5.87191
1282.78   5.07404
1560.47   4.10886
1838.17   3.41142
+KVIDZALine
ID:Z=2 A=6
2	6
23
1.48301   62.5033
10.3691   58.0014
19.2552   54.139
35.0799   48.5795
50.9046   44.2968
80.7498   38.3514
110.595   34.1434
147.416   30.0498
184.238   26.8127
233.983   23.5377
283.728   21.1061
357.088   18.2849
430.45   16.1244
515.685   14.2533
600.921   12.833
709.73   11.357
818.538   10.1774
981.977   8.87893
1145.42   7.94312
1367.89   6.90369
1590.35   6.03318
1927.93   4.93356
2265.51   3.96026
+KVIDCutLine
OK:PEDESTAL
above
15
5.37487   9.9153
13.5278   8.13249
21.6807   6.75155
36.1747   5.07265
50.6687   4.05349
73.6175   3.05023
96.5664   2.46357
135.519   1.86629
174.471   1.49998
215.236   1.169
256.001   0.889711
340.549   0.580887
425.098   0.536397
601.364   0.45744
791.842   0.119732
!
# ASCII file generated by KVIDZAGrid::WriteToAsciiFile
# ID Graph Name : ID_SI2_CSI_442
# This file can be read using KVIDZAGrid::ReadFromAsciiFile
# 
++KVIDZAGrid
<NAME> ID_SI2_CSI_442
<VARX> Q3.FPGAEnergy
<VARY> 1*Q2.FPGAEnergy
<PARAMETER> IDTelescopes=ID_SI2_CSI_442
<PARAMETER> Runlist=16000-44103
<PARAMETER> ManualWidth=0.400000
<PARAMETER> ManualWidthScaling=0.000000
+KVIDZALine
ID:Z=1 A=1
1	1
17
1.22279   27.8026
7.46932   24.3636
12.6263   21.9299
19.2805   19.226
25.9349   17.1532
40.0756   13.8645
54.0502   11.6126
77.9778   9.10403
101.936   7.47033
145.602   5.65923
189.268   4.68984
248.005   3.80242
306.742   3.13172
394.075   2.34874
485.675   1.85484
640.391   1.36381
794.365   1.00563
+KVIDZALine
ID:Z=1 A=2
1	2
19
1.22279   37.7571
12.3962   31.1212
21.3335   27.0176
34.566   22.7263
47.7984   19.8018
68.576   16.4093
89.3538   13.9426
115.684   11.6893
142.014   10.0958
182.092   8.39775
222.169   7.22353
284.682   5.84935
347.195   4.86356
418.436   4.10366
489.68   3.57977
587.942   3.00868
686.203   2.54964
881.012   1.87465
1075.82   1.3526
+KVIDZALine
ID:Z=1 A=3
1	3
21
0.296585   44.4644
8.73982   39.5114
14.7713   36.3352
24.6721   32.0389
34.573   28.6531
52.3266   24.1523
70.0807   20.9735
98.3047   17.2299
126.53   14.5783
158.169   12.5047
189.809   11.0248
234.153   9.42529
278.497   8.20953
328.568   7.1828
378.637   6.40195
453.413   5.48222
528.188   4.7695
668.807   3.81251
809.425   3.21438
1029.66   2.54678
1257.57   2.086
+KVIDZALine
ID:Z=2 A=3
2	3
23
1.51876   100.794
8.85202   92.7145
15.3056   87.0291
28.5069   77.9901
41.7089   71.2832
66.0598   61.7355
90.4114   54.8475
120.925   48.2884
151.731   43.2433
191.928   37.9755
232.126   33.8536
291.687   29.041
352.13   25.7017
420.201   22.6303
489.74   20.2754
577.47   17.8842
664.027   16.0657
796.943   13.9115
928.097   12.2682
1107.66   10.5354
1286.49   9.30333
1552.75   7.87474
1790.67   6.83836
+KVIDZALine
ID:Z=2 A=4
2	4
23
1.33495   113.745
9.51306   104.629
16.6736   98.2223
31.218   88.0212
45.8142   80.4589
72.5996   69.6806
99.5406   61.9032
133.377   54.5132
167.215   48.825
211.709   42.8759
256.204   38.2154
322.972   32.9925
389.741   29.1807
465.446   25.7577
541.152   23.0406
639.351   20.367
737.552   18.3623
884.299   16.0445
1031.04   14.2284
1227.1   12.2192
1423.15   10.5763
1731.23   8.60741
2039.32   7.20697
+KVIDZALine
ID:Z=2 A=6
2	6
23
1.64529   132.044
11.5016   122.489
21.3582   114.291
38.9119   102.491
56.4662   93.403
89.5748   80.7881
122.684   71.8622
163.533   63.181
204.383   56.3182
259.571   49.3786
314.758   44.2293
396.146   38.2595
477.536   33.6925
572.099   29.7433
666.662   26.7509
787.378   23.6467
908.095   21.1721
1089.42   18.4597
1270.75   16.5174
1517.57   14.3711
1764.38   12.5836
2138.9   10.3409
2513.42   8.36644
+KVIDCutLine
OK:PEDESTAL
above
15
5.96303   20.9471
15.0077   17.163
24.0524   14.232
40.1322   10.6694
56.212   8.50747
81.672   6.38041
107.132   5.13786
150.347   3.87487
193.563   3.10225
238.788   2.40488
284.013   1.81727
377.815   1.17271
471.615   1.08937
667.17   0.944907
878.492   0.252946
!
# ASCII file generated by KVIDZAGrid::WriteToAsciiFile
# ID Graph Name : ID_SI2_CSI_514
# This file can be read using KVIDZAGrid::ReadFromAsciiFile
# 
++KVIDZAGrid
<NAME> ID_SI2_CSI_514
<VARX> Q3.FPGAEnergy
<VARY> 1*Q2.FPGAEnergy
<PARAMETER> IDTelescopes=ID_SI2_CSI_514
<PARAMETER> Runlist=16000-44103
<PARAMETER> ManualWidth=0.400000
<PARAMETER> ManualWidthScaling=0.000000
+KVIDZALine
ID:Z=1 A=1
1	1
17
0.962023   29.2303
5.87687   25.6316
9.93437   23.0847
15.1699   20.2549
20.4054   18.0853
31.5309   14.6424
42.5256   12.2842
61.3507   9.65567
80.1995   7.94238
114.554   6.04004
148.908   5.01823
195.118   4.0795
241.329   3.36749
310.037   2.53299
382.104   2.00014
503.824   1.45915
624.962   1.05727
+KVIDZALine
ID:Z=1 A=2
1	2
19
0.962023   39.6959
9.75345   32.7519
16.7854   28.4576
27.1964   23.966
37.6073   20.9042
53.9543   17.3514
70.3013   14.7674
91.0169   12.4055
111.733   10.7339
143.263   8.95035
174.793   7.71489
223.974   6.26624
273.156   5.22392
329.206   4.41636
385.255   3.8557
462.562   3.24087
539.868   2.74326
693.132   2.00267
846.392   1.42206
+KVIDZALine
ID:Z=1 A=3
1	3
21
0.233336   46.7477
6.87663   41.5647
11.6222   38.241
19.4122   33.7448
27.202   30.2009
41.1702   25.4895
55.1383   22.1609
77.3437   18.2397
99.5498   15.4609
124.442   13.286
149.334   11.7322
184.221   10.0512
219.11   8.77152
258.502   7.68861
297.894   6.86293
356.723   5.88761
415.552   5.12885
526.182   4.10295
636.813   3.45246
810.077   2.71529
989.389   2.19312
+KVIDZALine
ID:Z=2 A=3
2	3
23
1.19487   105.97
6.96585   97.5156
12.0443   91.5662
22.432   82.1064
32.8198   75.0866
51.9795   65.0917
71.1391   57.8793
95.1468   51.0092
119.384   45.7229
151.009   40.2012
182.634   35.878
229.495   30.827
277.048   27.3171
330.602   24.0854
385.31   21.6028
454.333   19.0773
522.429   17.1512
627   14.8611
730.184   13.1062
871.454   11.2441
1012.14   9.90629
1221.62   8.33888
1408.8   7.18951
+KVIDZALine
ID:Z=2 A=4
2	4
23
1.05026   119.586
7.4861   110.047
13.1209   103.343
24.5655   92.6672
36.0503   84.7519
57.1255   73.469
78.3226   65.3256
104.944   57.5854
131.566   51.6256
166.574   45.3899
201.581   40.5022
254.11   35.0201
306.639   31.0143
366.2   27.4127
425.76   24.5496
503.018   21.7259
580.277   19.602
695.727   17.1372
811.181   15.1974
965.416   13.042
1119.66   11.2698
1362.04   9.12611
1604.42   7.57705
+KVIDZALine
ID:Z=2 A=6
2	6
23
1.29442   138.825
9.05054   128.825
16.8066   120.247
30.6191   107.899
44.4314   98.3868
70.4815   85.1814
96.532   75.8352
128.671   66.7431
160.81   59.5532
204.229   52.2792
247.648   46.8783
311.68   40.6123
375.713   35.8135
450.109   31.6578
524.507   28.5031
619.479   25.2247
714.451   22.6049
857.109   19.7208
999.759   17.6423
1193.95   15.3337
1388.12   13.4002
1682.77   10.9578
1977.42   8.79606
+KVIDCutLine
OK:PEDESTAL
above
15
4.69139   22.0227
11.8076   18.0629
18.9237   14.9957
31.5747   11.2668
44.2256   9.00313
64.2562   6.7748
84.2867   5.4718
118.286   4.14519
152.285   3.33159
187.866   2.59644
223.447   1.97612
297.244   1.2902
371.042   1.19138
524.893   1.01601
691.149   0.265935
!
# ASCII file generated by KVIDZAGrid::WriteToAsciiFile
# ID Graph Name : ID_SI2_CSI_523
# This file can be read using KVIDZAGrid::ReadFromAsciiFile
# 
++KVIDZAGrid
<NAME> ID_SI2_CSI_523
<VARX> Q3.FPGAEnergy
<VARY> 1*Q2.FPGAEnergy
<PARAMETER> IDTelescopes=ID_SI2_CSI_523
<PARAMETER> Runlist=16000-44103
<PARAMETER> ManualWidth=0.400000
<PARAMETER> ManualWidthScaling=0.000000
+KVIDZALine
ID:Z=1 A=1
1	1
17
1.31975   29.5292
8.06217   25.8937
13.6284   23.3208
20.8108   20.462
27.9931   18.2703
43.2555   14.7922
58.3385   12.4098
84.1638   9.75442
110.021   8.02361
157.15   6.10181
204.278   5.06955
267.672   4.12123
331.066   3.40193
425.323   2.5589
524.187   2.0206
691.169   1.47407
857.351   1.06808
+KVIDZALine
ID:Z=1 A=2
1	2
19
1.31975   40.102
13.3802   33.0869
23.0269   28.7485
37.3093   24.2111
51.5914   21.118
74.017   17.5289
96.4429   14.9184
124.861   12.5324
153.279   10.8436
196.535   9.04189
239.789   7.79378
307.258   6.33034
374.728   5.27735
451.619   4.46153
528.511   3.89513
634.564   3.27401
740.616   2.77133
950.87   2.02315
1161.12   1.4366
+KVIDZALine
ID:Z=1 A=3
1	3
21
0.320101   47.2258
9.43365   41.9898
15.9439   38.6321
26.6305   34.0899
37.3171   30.5098
56.4791   25.7502
75.6413   22.3875
106.104   18.4262
136.567   15.6189
170.715   13.4219
204.863   11.8522
252.723   10.154
300.585   8.86123
354.625   7.76724
408.665   6.93312
489.369   5.94782
570.073   5.1813
721.841   4.14491
873.609   3.48777
1111.3   2.74305
1357.28   2.21555
+KVIDZALine
ID:Z=2 A=3
2	3
23
1.63919   107.054
9.55606   98.5128
16.5229   92.5026
30.7734   82.9462
45.0237   75.8544
71.3079   65.7575
97.5917   58.4712
130.526   51.5309
163.776   46.1905
207.162   40.6123
250.546   36.2448
314.832   31.1423
380.067   27.5965
453.535   24.3317
528.587   21.8237
623.274   19.2724
716.692   17.3266
860.147   15.0131
1001.7   13.2402
1195.5   11.3592
1388.51   10.0077
1675.87   8.42416
1932.66   7.26303
+KVIDZALine
ID:Z=2 A=4
2	4
23
1.4408   120.81
10.2698   111.173
17.9998   104.4
33.7001   93.6149
49.4554   85.6187
78.3674   74.2205
107.447   65.9937
143.968   58.1744
180.488   52.1535
228.513   45.8541
276.537   40.9164
348.599   35.3783
420.662   31.3314
502.37   27.6932
584.077   24.8007
690.064   21.9481
796.051   19.8025
954.429   17.3125
1112.81   15.3528
1324.4   13.1754
1536   11.3851
1868.51   9.21944
2201.02   7.65454
+KVIDZALine
ID:Z=2 A=6
2	6
23
1.77575   140.245
12.416   130.144
23.0561   121.477
42.0046   109.003
60.953   99.3926
96.6896   86.0526
132.427   76.6108
176.517   67.4257
220.606   60.1622
280.171   52.8139
339.735   47.3576
427.578   41.0276
515.421   36.1798
617.48   31.9816
719.542   28.7947
849.83   25.4827
980.116   22.8361
1175.81   19.9225
1371.52   17.8227
1637.91   15.4905
1904.28   13.5372
2308.5   11.0699
2712.72   8.88602
+KVIDCutLine
OK:PEDESTAL
above
15
6.43586   22.2479
16.1982   18.2476
25.9604   15.1491
43.3155   11.382
60.6706   9.09521
88.1495   6.84409
115.628   5.52776
162.27   4.18758
208.912   3.36566
257.724   2.62299
306.535   1.99633
407.774   1.3034
509.012   1.20356
720.072   1.0264
948.148   0.268655
!
# ASCII file generated by KVIDZAGrid::WriteToAsciiFile
# ID Graph Name : ID_SI2_CSI_531
# This file can be read using KVIDZAGrid::ReadFromAsciiFile
# 
++KVIDZAGrid
<NAME> ID_SI2_CSI_531
<VARX> Q3.FPGAEnergy
<VARY> 1*Q2.FPGAEnergy
<PARAMETER> IDTelescopes=ID_SI2_CSI_531
<PARAMETER> Runlist=16000-44103
<PARAMETER> ManualWidth=0.400000
<PARAMETER> ManualWidthScaling=0.000000
+KVIDZALine
ID:Z=1 A=1
1	1
17
1.33345   27.8053
8.14434   24.3337
13.7674   21.8772
21.0231   19.1481
28.279   17.0566
43.6986   13.7394
58.9372   11.4694
85.0297   8.94361
111.155   7.30149
158.773   5.48685
206.391   4.52242
270.443   3.6459
334.495   2.98829
429.731   2.22695
529.624   1.75906
698.34   1.31541
866.249   1.00573
+KVIDZALine
ID:Z=1 A=2
1	2
19
1.33345   37.7609
13.5162   31.0616
23.2612   26.9196
37.69   22.5894
52.1193   19.6397
74.7763   16.2199
97.4339   13.7353
126.147   11.4682
154.859   9.86762
198.563   8.16587
242.267   6.99338
310.437   5.6265
378.607   4.65195
456.297   3.90854
533.988   3.40353
641.143   2.86
748.296   2.42966
960.736   1.81396
1173.17   1.35273
+KVIDZALine
ID:Z=1 A=3
1	3
21
0.323423   44.4689
9.52942   39.4686
16.1059   36.2624
26.9015   31.9259
37.6975   28.509
57.0567   23.9689
76.4166   20.7638
107.194   16.9919
137.973   14.3231
172.475   12.2391
206.976   10.7549
255.333   9.15419
303.692   7.94111
358.293   6.92089
412.894   6.14905
494.437   5.24526
575.979   4.55059
729.325   3.63139
882.67   3.07469
1122.83   2.47469
1371.37   2.08621
+KVIDZALine
ID:Z=2 A=3
2	3
23
1.6562   100.804
9.6497   92.6468
16.685   86.9073
31.0773   77.7839
45.4712   71.0162
72.0222   61.3848
98.5749   54.44
131.848   47.8306
165.44   42.7508
209.274   37.451
253.107   33.3084
318.058   28.4784
383.971   25.1372
458.202   22.0705
534.033   19.7283
629.705   17.3591
724.094   15.5677
869.041   13.4615
1012.07   11.8705
1207.89   10.2145
1402.89   9.06401
1693.26   7.76089
1952.72   6.83904
+KVIDZALine
ID:Z=2 A=4
2	4
23
1.45575   113.757
10.3702   104.553
18.176   98.0848
34.0326   87.7883
49.9466   80.1571
79.1518   69.2839
108.528   61.442
145.424   53.9951
182.322   48.2671
230.842   42.2812
279.362   37.5968
352.171   32.356
424.982   28.5406
507.538   25.1227
590.094   22.4177
697.182   19.7684
804.271   17.7948
964.3   15.5303
1124.33   13.7727
1338.12   11.8457
1551.92   10.2888
1887.89   8.46114
2223.86   7.20769
+KVIDZALine
ID:Z=2 A=6
2	6
23
1.79418   132.058
12.5387   122.41
23.2841   114.134
42.4218   102.224
61.5614   93.0527
97.6616   80.3265
133.764   71.3267
178.307   62.5779
222.851   55.6659
283.032   48.6833
343.212   43.5092
431.965   37.5192
520.719   32.9461
623.839   29.0036
726.961   26.0276
858.603   22.9515
990.244   20.5113
1187.98   17.8609
1385.71   15.9883
1654.88   13.942
1924.03   12.258
2332.45   10.1772
2740.87   8.36728
+KVIDCutLine
OK:PEDESTAL
above
15
6.50265   20.9492
16.365   17.1289
26.2277   14.1704
43.762   10.5755
61.2966   8.3956
89.0602   6.25305
116.825   5.00399
163.95   3.73848
211.076   2.96832
260.395   2.27464
309.712   1.69183
412.001   1.06303
514.292   1.00114
727.544   0.901706
957.991   0.252972
!
# ASCII file generated by KVIDZAGrid::WriteToAsciiFile
# ID Graph Name : ID_SI2_CSI_544
# This file can be read using KVIDZAGrid::ReadFromAsciiFile
# 
++KVIDZAGrid
<NAME> ID_SI2_CSI_544
<VARX> Q3.FPGAEnergy
<VARY> 1*Q2.FPGAEnergy
<PARAMETER> IDTelescopes=ID_SI2_CSI_544
<PARAMETER> Runlist=16000-44103
<PARAMETER> ManualWidth=0.400000
<PARAMETER> ManualWidthScaling=0.000000
+KVIDZALine
ID:Z=1 A=1
1	1
17
0.91847   27.8011
5.61081   24.3784
9.48463   21.9561
14.4832   19.2646
19.4816   17.2011
30.1034   13.9265
40.6003   11.6835
58.5732   9.1836
76.5689   7.55409
109.367   5.74475
142.166   4.77288
186.285   3.88006
230.403   3.20286
296.001   2.40915
364.805   1.90235
481.015   1.3878
596.667   1.00558
+KVIDZALine
ID:Z=1 A=2
1	2
19
0.91847   37.7552
9.31186   31.1507
16.0254   27.0662
25.9651   22.7943
35.9047   19.8822
51.5117   16.5031
67.1188   14.0454
86.8962   11.799
106.674   10.2092
136.777   8.51277
166.88   7.33771
213.834   5.9599
260.789   4.96852
314.301   4.20045
367.814   3.6672
441.62   3.08243
515.427   2.60915
661.755   1.90475
808.074   1.35253
+KVIDZALine
ID:Z=1 A=3
1	3
21
0.222772   44.4622
6.56532   39.5327
11.0961   36.3714
18.5333   32.095
25.9706   28.7244
39.3063   24.2434
52.6421   21.0774
73.8421   17.348
95.0429   14.705
118.808   12.6364
142.573   11.1586
175.881   9.55977
209.19   8.34268
246.799   7.31271
284.407   6.5274
340.573   5.59976
396.738   4.8781
502.361   3.90235
607.983   3.28368
773.403   2.58253
944.59   2.0859
+KVIDZALine
ID:Z=2 A=3
2	3
23
1.14078   100.789
6.65051   92.7481
11.499   87.0894
21.4165   78.0923
31.334   71.4156
49.6262   61.9094
67.9181   55.0495
90.8388   48.5153
113.979   43.4876
144.172   38.2358
174.366   34.1239
219.105   29.3199
264.505   25.9816
315.635   22.9079
367.866   20.5466
433.763   18.1446
498.777   16.3127
598.614   14.1346
697.126   12.4653
832.001   10.6944
966.318   9.42199
1166.31   7.93119
1345.02   6.83801
+KVIDZALine
ID:Z=2 A=4
2	4
23
1.00271   113.74
7.14721   104.667
12.5268   98.2904
23.4534   88.1367
34.4182   80.6084
54.5392   69.8772
74.7764   62.1318
100.194   54.7701
125.61   49.1016
159.032   43.1708
192.454   38.5221
242.605   33.308
292.756   29.498
349.621   26.0726
406.485   23.3494
480.245   20.6637
554.006   18.6436
664.227   16.2994
774.454   14.4543
921.714   12.4043
1068.97   10.7189
1300.37   8.67994
1531.79   7.20661
+KVIDZALine
ID:Z=2 A=6
2	6
23
1.23582   132.038
8.64083   122.528
16.0457   114.368
29.2328   102.624
42.4199   93.5768
67.2907   81.0169
92.1617   72.1277
122.845   63.48
153.529   56.6417
194.983   49.7233
236.437   44.5864
297.57   38.6267
358.704   34.0626
429.732   30.1101
500.76   27.1096
591.433   23.9915
682.107   21.4998
818.305   18.7567
954.497   16.7798
1139.89   14.584
1325.27   12.7451
1606.59   10.4221
1887.9   8.36602
+KVIDCutLine
OK:PEDESTAL
above
15
4.47899   20.9461
11.273   17.1798
18.0669   14.2626
30.1451   10.7159
42.2233   8.56298
61.3471   6.44358
80.4707   5.20428
112.931   3.94253
145.391   3.1687
179.361   2.4695
213.331   1.87951
283.787   1.22712
354.243   1.13313
501.129   0.966339
659.86   0.252934
!
# ASCII file generated by KVIDZAGrid::WriteToAsciiFile
# ID Graph Name : ID_SI2_CSI_624
# This file can be read using KVIDZAGrid::ReadFromAsciiFile
# 
++KVIDZAGrid
<NAME> ID_SI2_CSI_624
<VARX> Q3.FPGAEnergy
<VARY> 1*Q2.FPGAEnergy
<PARAMETER> IDTelescopes=ID_SI2_CSI_624
<PARAMETER> Runlist=16000-44103
<PARAMETER> ManualWidth=0.400000
<PARAMETER> ManualWidthScaling=0.000000
+KVIDZALine
ID:Z=1 A=1
1	1
17
1.36031   29.2346
8.30998   25.6354
14.0473   23.0882
21.4505   20.2579
28.8536   18.088
44.5852   14.6446
60.1317   12.286
86.7508   9.65712
113.403   7.94358
161.98   6.04095
210.558   5.01898
275.9   4.08012
341.242   3.368
438.397   2.53337
540.3   2.00044
712.414   1.45936
883.704   1.05742
+KVIDZALine
ID:Z=1 A=2
1	2
19
1.36031   39.7019
13.7915   32.7569
23.7347   28.4618
38.4561   23.9696
53.1773   20.9074
76.2921   17.354
99.4071   14.7696
128.699   12.4074
157.991   10.7355
202.575   8.9517
247.16   7.71604
316.703   6.26719
386.246   5.22471
465.501   4.41703
544.756   3.85628
654.069   3.24135
763.381   2.74368
980.098   2.00297
1196.81   1.42227
+KVIDZALine
ID:Z=1 A=3
1	3
21
0.32994   46.7547
9.72364   41.571
16.434   38.2467
27.4491   33.7498
38.4641   30.2055
58.2152   25.4933
77.9664   22.1642
109.365   18.2424
140.765   15.4632
175.963   13.288
211.16   11.7339
260.492   10.0527
309.824   8.77284
365.525   7.68977
421.227   6.86396
504.411   5.88849
587.595   5.12961
744.029   4.10356
900.462   3.45298
1145.46   2.71569
1399.01   2.19345
+KVIDZALine
ID:Z=2 A=3
2	3
23
1.68957   105.986
9.84981   97.5302
17.0308   91.5799
31.7192   82.1187
46.4077   75.0978
73.4997   65.1015
100.592   57.888
134.538   51.0168
168.811   45.7298
213.529   40.2072
258.248   35.8833
324.509   30.8316
391.75   27.3212
467.476   24.089
544.835   21.606
642.432   19.0801
738.722   17.1538
886.586   14.8634
1032.49   13.1081
1232.25   11.2458
1431.18   9.90779
1727.39   8.34013
1992.07   7.19059
+KVIDZALine
ID:Z=2 A=4
2	4
23
1.48508   119.604
10.5855   110.064
18.5531   103.358
34.736   92.6811
50.9757   84.7647
80.7762   73.4801
110.749   65.3354
148.393   57.594
186.037   51.6333
235.537   45.3967
285.037   40.5083
359.314   35.0254
433.592   31.0189
517.812   27.4169
602.031   24.5533
711.275   21.7292
820.519   19.6049
983.768   17.1398
1147.02   15.1996
1365.12   13.0439
1583.22   11.2716
1925.94   9.12748
2268.67   7.57818
+KVIDZALine
ID:Z=2 A=6
2	6
23
1.83033   138.846
12.7976   128.845
23.7648   120.265
43.2957   107.915
62.8267   98.4016
99.6618   85.1942
136.497   75.8466
181.942   66.7531
227.387   59.5621
288.783   52.2871
350.178   46.8853
440.72   40.6183
531.264   35.8189
636.461   31.6626
741.66   28.5074
875.952   25.2285
1010.24   22.6083
1211.96   19.7238
1413.68   17.645
1688.25   15.336
1962.82   13.4022
2379.46   10.9595
2796.1   8.79738
+KVIDCutLine
OK:PEDESTAL
above
15
6.63368   22.026
16.696   18.0656
26.7584   14.998
44.647   11.2685
62.5356   9.00448
90.8591   6.77582
119.183   5.47262
167.258   4.14581
215.333   3.33208
265.646   2.59682
315.957   1.97642
420.307   1.29039
524.658   1.19156
742.206   1.01616
977.295   0.265975
!
# ASCII file generated by KVIDZAGrid::WriteToAsciiFile
# ID Graph Name : ID_SI2_CSI_632
# This file can be read using KVIDZAGrid::ReadFromAsciiFile
# 
++KVIDZAGrid
<NAME> ID_SI2_CSI_632
<VARX> Q3.FPGAEnergy
<VARY> 1*Q2.FPGAEnergy
<PARAMETER> IDTelescopes=ID_SI2_CSI_632
<PARAMETER> Runlist=16000-44103
<PARAMETER> ManualWidth=0.400000
<PARAMETER> ManualWidthScaling=0.000000
+KVIDZALine
ID:Z=1 A=1
1	1
17
1.31968   30.4292
8.06176   26.6829
13.6277   24.0316
20.8098   21.0857
27.9916   18.8272
43.2534   15.243
58.3355   12.788
84.1595   10.0517
110.016   8.26818
157.142   6.2878
204.268   5.22407
267.659   4.24684
331.049   3.50563
425.301   2.63689
524.161   2.08219
691.135   1.519
857.308   1.10063
+KVIDZALine
ID:Z=1 A=2
1	2
19
1.31968   41.3243
13.3795   34.0954
23.0258   29.6248
37.3074   24.949
51.5888   21.7617
74.0133   18.0632
96.4378   15.3731
124.855   12.9144
153.272   11.1742
196.524   9.31749
239.777   8.03135
307.243   6.52329
374.709   5.43821
451.596   4.59752
528.485   4.01386
634.532   3.37381
740.579   2.8558
950.823   2.08481
1161.06   1.48038
+KVIDZALine
ID:Z=1 A=3
1	3
21
0.320085   48.6652
9.43319   43.2697
15.9431   39.8096
26.6291   35.129
37.3152   31.4398
56.4763   26.5351
75.6376   23.0699
106.099   18.9879
136.56   16.0951
170.707   13.831
204.853   12.2134
252.711   10.4635
300.57   9.13132
354.607   8.00399
408.645   7.14444
489.345   6.12911
570.044   5.33922
721.805   4.27124
873.565   3.59408
1111.24   2.82667
1357.22   2.28308
+KVIDZALine
ID:Z=2 A=3
2	3
23
1.63911   110.317
9.5556   101.516
16.5221   95.3221
30.7718   85.4744
45.0215   78.1665
71.3043   67.7618
97.587   60.2534
130.52   53.1016
163.768   47.5984
207.151   41.8502
250.534   37.3496
314.816   32.0915
380.048   28.4377
453.512   25.0734
528.56   22.4889
623.242   19.8598
716.656   17.8547
860.104   15.4708
1001.65   13.6437
1195.44   11.7054
1388.43   10.3127
1675.79   8.68093
1932.57   7.48442
+KVIDZALine
ID:Z=2 A=4
2	4
23
1.44072   124.492
10.2693   114.561
17.9989   107.582
33.6985   96.4683
49.453   88.2284
78.3634   76.4827
107.441   68.0052
143.961   59.9475
180.48   53.7432
228.502   47.2518
276.523   42.1636
348.581   36.4567
420.641   32.2865
502.345   28.5372
584.048   25.5567
690.029   22.6171
796.011   20.406
954.383   17.8402
1112.76   15.8207
1324.34   13.577
1535.92   11.7321
1868.42   9.50046
2200.91   7.88785
+KVIDZALine
ID:Z=2 A=6
2	6
23
1.77566   144.519
12.4154   134.11
23.055   125.179
42.0025   112.325
60.95   102.423
96.6849   88.6755
132.42   78.946
176.507   69.4808
220.595   61.996
280.157   54.4237
339.718   48.8012
427.556   42.2781
515.395   37.2825
617.45   32.9564
719.506   29.6723
849.787   26.2594
980.068   23.5322
1175.76   20.5298
1371.45   18.366
1637.82   15.9626
1904.19   13.9499
2308.38   11.4073
2712.58   9.15687
+KVIDCutLine
OK:PEDESTAL
above
15
6.43553   22.9261
16.1973   18.8038
25.9592   15.6108
43.3134   11.7289
60.6676   9.37244
88.1451   7.0527
115.623   5.69625
162.262   4.31522
208.902   3.46824
257.711   2.70294
306.519   2.05718
407.752   1.34312
508.986   1.24025
720.035   1.05769
948.103   0.276844
!
# ASCII file generated by KVIDZAGrid::WriteToAsciiFile
# ID Graph Name : ID_SI2_CSI_633
# This file can be read using KVIDZAGrid::ReadFromAsciiFile
# 
++KVIDZAGrid
<NAME> ID_SI2_CSI_633
<VARX> Q3.FPGAEnergy
<VARY> 1*Q2.FPGAEnergy
<PARAMETER> IDTelescopes=ID_SI2_CSI_633
<PARAMETER> Runlist=16000-44103
<PARAMETER> ManualWidth=0.400000
<PARAMETER> ManualWidthScaling=0.000000
+KVIDZALine
ID:Z=1 A=1
1	1
17
1.37896   27.8039
8.42236   24.3325
14.2373   21.8761
21.7407   19.1471
29.2444   17.0558
45.1903   13.7387
60.9491   11.4688
87.9321   8.94315
114.95   7.30112
164.193   5.48657
213.435   4.52219
279.673   3.64572
345.912   2.98814
444.399   2.22683
547.7   1.75897
722.175   1.31535
895.815   1.00568
+KVIDZALine
ID:Z=1 A=2
1	2
19
1.37896   37.759
13.9776   31.06
24.0554   26.9183
38.9766   22.5883
53.8984   19.6388
77.3288   16.2191
100.76   13.7346
130.452   11.4676
160.145   9.86713
205.34   8.16545
250.536   6.99302
321.033   5.62621
391.529   4.65171
471.871   3.90834
552.214   3.40335
663.026   2.85985
773.838   2.42954
993.528   1.81387
1213.22   1.35266
+KVIDZALine
ID:Z=1 A=3
1	3
21
0.334462   44.4666
9.85473   39.4666
16.6556   36.2605
27.8198   31.9243
38.9843   28.5077
59.0044   23.9677
79.025   20.7627
110.853   16.991
142.682   14.3223
178.362   12.2385
214.042   10.7543
264.049   9.15373
314.057   7.94071
370.523   6.92054
426.987   6.14873
511.312   5.24499
595.638   4.55034
754.218   3.6312
912.796   3.07453
1161.16   2.47457
1418.18   2.08611
+KVIDZALine
ID:Z=2 A=3
2	3
23
1.71272   100.799
9.97921   92.6421
17.2547   86.903
32.1384   77.78
47.0238   71.0126
74.4811   61.3817
101.94   54.4373
136.348   47.8282
171.088   42.7486
216.417   37.4491
261.748   33.3066
328.915   28.4769
397.077   25.1359
473.841   22.0694
552.261   19.7273
651.199   17.3582
748.81   15.5669
898.704   13.4608
1046.61   11.8699
1249.11   10.214
1450.78   9.06354
1751.05   7.76048
2019.37   6.8387
+KVIDZALine
ID:Z=2 A=4
2	4
23
1.50544   113.751
10.7243   104.547
18.7967   98.0799
35.1945   87.7839
51.6519   80.1531
81.8541   69.2804
112.233   61.4389
150.389   53.9923
188.546   48.2646
238.722   42.279
288.899   37.5948
364.192   32.3543
439.488   28.5391
524.862   25.1214
610.237   22.4166
720.979   19.7674
831.723   17.7939
997.213   15.5295
1162.7   13.772
1383.79   11.8451
1604.89   10.2883
1952.32   8.46069
2299.77   7.20733
+KVIDZALine
ID:Z=2 A=6
2	6
23
1.85542   132.051
12.9668   122.404
24.0792   114.129
43.8702   102.219
63.6632   93.048
100.996   80.3226
138.331   71.3231
184.394   62.5748
230.458   55.663
292.693   48.6808
354.927   43.5069
446.709   37.5173
538.494   32.9444
645.133   29.0021
751.774   26.0262
887.908   22.9503
1024.04   20.5102
1228.53   17.86
1433.02   15.9875
1711.35   13.9413
1989.69   12.2573
2412.06   10.1767
2834.42   8.36686
+KVIDCutLine
OK:PEDESTAL
above
15
6.72459   20.9481
16.9236   17.128
27.123   14.1697
45.2557   10.575
63.3889   8.39518
92.1001   6.25274
120.812   5.00373
169.546   3.73829
218.28   2.96817
269.282   2.27452
320.283   1.69175
426.064   1.06298
531.846   1.0011
752.376   0.901661
990.688   0.252959
!
# ASCII file generated by KVIDZAGrid::WriteToAsciiFile
# ID Graph Name : ID_SI2_CSI_642
# This file can be read using KVIDZAGrid::ReadFromAsciiFile
# 
++KVIDZAGrid
<NAME> ID_SI2_CSI_642
<VARX> Q3.FPGAEnergy
<VARY> 1*Q2.FPGAEnergy
<PARAMETER> IDTelescopes=ID_SI2_CSI_642
<PARAMETER> Runlist=16000-44103
<PARAMETER> ManualWidth=0.400000
<PARAMETER> ManualWidthScaling=0.000000
+KVIDZALine
ID:Z=1 A=1
1	1
17
1.33232   13.5988
8.13892   11.9246
13.7582   10.7397
21.0089   9.42315
28.2596   8.41382
43.6674   6.81207
58.8938   5.71494
84.965   4.4921
111.069   3.69503
158.647   2.81001
206.224   2.33463
270.221   1.8979
334.217   1.56665
429.372   1.17842
529.178   0.930526
697.749   0.678837
865.513   0.491872
+KVIDZALine
ID:Z=1 A=2
1	2
19
1.33232   18.4678
13.5076   15.2372
23.2462   13.2393
37.6644   11.1497
52.0826   9.72525
74.7217   8.0724
97.3608   6.87021
126.05   5.77141
154.738   4.99373
198.405   4.16397
242.072   3.58919
310.184   2.91525
378.296   2.43032
455.918   2.05463
533.542   1.79379
640.605   1.50774
747.667   1.27625
959.922   0.931698
1172.18   0.661581
+KVIDZALine
ID:Z=1 A=3
1	3
21
0.323148   21.7484
9.52348   19.3371
16.0957   17.7908
26.884   15.6991
37.6722   14.0504
57.0169   11.8585
76.3615   10.3099
107.114   8.48564
137.867   7.19285
172.34   6.18103
206.814   5.45815
255.13   4.6761
303.446   4.08077
358.001   3.57697
412.555   3.19283
494.027   2.73909
575.5   2.38609
728.713   1.90881
881.926   1.60619
1121.88   1.26323
1370.2   1.0203
+KVIDZALine
ID:Z=2 A=3
2	3
23
1.65479   49.3004
9.64705   45.3671
16.6802   42.5993
31.0663   38.1983
45.4523   34.9325
71.9867   30.2826
98.5209   26.9272
131.768   23.731
165.336   21.2716
209.133   18.7028
252.932   16.6915
317.829   14.3417
383.685   12.7087
457.852   11.2053
533.619   10.0503
629.208   8.87531
723.515   7.97924
868.335   6.91385
1011.24   6.09735
1206.89   5.23111
1401.72   4.60871
1691.83   3.87949
1951.06   3.34477
+KVIDZALine
ID:Z=2 A=4
2	4
23
1.45451   55.6351
10.3676   51.1971
18.1711   48.0781
34.021   43.1115
49.9263   39.4291
79.1134   34.18
108.469   30.3914
145.338   26.7904
182.208   24.0177
230.689   21.1168
279.169   18.8428
351.917   16.2924
424.667   14.4288
507.153   12.7532
589.637   11.4212
696.633   10.1075
803.629   9.11942
963.518   7.97274
1123.4   7.07025
1337.02   6.06752
1550.63   5.24307
1886.29   4.24574
2221.97   3.52506
+KVIDZALine
ID:Z=2 A=6
2	6
23
1.79266   64.5854
12.5341   59.9335
23.2756   55.9425
42.4045   50.1978
61.5333   45.7725
97.6102   39.629
133.688   35.2808
178.196   31.0509
222.706   27.7059
282.839   24.3219
342.969   21.8091
431.648   18.894
520.328   16.6615
623.359   14.7282
726.392   13.2605
857.92   11.7353
989.448   10.5164
1187.01   9.17472
1384.57   8.20773
1653.5   7.13367
1922.41   6.23417
2330.47   5.09791
2738.55   4.09219
+KVIDCutLine
OK:PEDESTAL
above
15
6.49712   10.2456
16.3523   8.40339
26.2076   6.97646
43.7279   5.24163
61.2483   4.18852
88.9887   3.15184
116.729   2.54564
163.815   1.92846
210.901   1.54995
260.177   1.20794
309.453   0.919349
411.656   0.600238
513.858   0.554265
726.927   0.472679
957.177   0.123721
!
# ASCII file generated by KVIDZAGrid::WriteToAsciiFile
# ID Graph Name : ID_SI2_CSI_821
# This file can be read using KVIDZAGrid::ReadFromAsciiFile
# 
++KVIDZAGrid
<NAME> ID_SI2_CSI_821
<VARX> Q3.FPGAEnergy
<VARY> 1*Q2.FPGAEnergy
<PARAMETER> IDTelescopes=ID_SI2_CSI_821
<PARAMETER> Runlist=16000-44103
<PARAMETER> ManualWidth=0.400000
<PARAMETER> ManualWidthScaling=0.000000
+KVIDZALine
ID:Z=1 A=1
1	1
17
1.294   29.5292
7.9049   25.8937
13.3626   23.3208
20.4049   20.462
27.447   18.2703
42.4118   14.7921
57.2004   12.4098
82.5219   9.75442
107.875   8.02361
154.084   6.10181
200.294   5.06955
262.451   4.12122
324.608   3.40193
417.026   2.5589
513.962   2.0206
677.686   1.47407
840.626   1.06808
+KVIDZALine
ID:Z=1 A=2
1	2
19
1.294   40.1019
13.1192   33.0869
22.5777   28.7486
36.5814   24.2111
50.585   21.118
72.5731   17.5289
94.5613   14.9184
122.426   12.5324
150.289   10.8437
192.7   9.04189
235.111   7.79379
301.265   6.33033
367.418   5.27735
442.809   4.46153
518.201   3.89513
622.185   3.27401
726.168   2.77132
932.321   2.02315
1138.47   1.4366
+KVIDZALine
ID:Z=1 A=3
1	3
21
0.313857   47.2258
9.24964   41.9898
15.6329   38.6321
26.111   34.0899
36.5891   30.5098
55.3774   25.7502
74.1658   22.3875
104.034   18.4262
133.903   15.619
167.385   13.4219
200.867   11.8522
247.794   10.154
294.721   8.86123
347.707   7.76724
400.693   6.93312
479.822   5.94782
558.952   5.1813
707.76   4.14491
856.567   3.48777
1089.62   2.74306
1330.81   2.21555
+KVIDZALine
ID:Z=2 A=3
2	3
23
1.60721   107.054
9.36966   98.5129
16.2006   92.5026
30.173   82.9461
44.1454   75.8545
69.9168   65.7574
95.6881   58.4712
127.98   51.5309
160.582   46.1905
203.12   40.6123
245.659   36.2449
308.69   31.1423
372.653   27.5965
444.688   24.3317
518.276   21.8237
611.115   19.2724
702.711   17.3266
843.368   15.0131
982.159   13.2402
1172.18   11.3591
1361.42   10.0076
1643.18   8.42416
1894.96   7.26304
+KVIDZALine
ID:Z=2 A=4
2	4
23
1.41269   120.809
10.0695   111.172
17.6487   104.4
33.0427   93.6149
48.4907   85.6187
76.8386   74.2204
105.35   65.9937
141.159   58.1743
176.968   52.1536
224.055   45.8541
271.143   40.9164
341.799   35.3783
412.456   31.3315
492.57   27.6931
572.684   24.8007
676.602   21.9481
780.521   19.8025
935.812   17.3125
1091.1   15.3528
1298.57   13.1754
1506.04   11.3851
1832.06   9.21944
2158.08   7.65454
+KVIDZALine
ID:Z=2 A=6
2	6
23
1.74111   140.245
12.1738   130.143
22.6064   121.477
41.1852   109.002
59.764   99.393
94.8036   86.0526
129.843   76.6108
173.073   67.4257
216.302   60.1623
274.706   52.8139
333.108   47.3577
419.236   41.0276
505.366   36.1798
605.435   31.9816
705.506   28.7946
833.252   25.4827
960.997   22.8361
1152.88   19.9225
1344.77   17.8227
1605.96   15.4905
1867.14   13.5372
2263.47   11.0699
2659.8   8.88602
+KVIDCutLine
OK:PEDESTAL
above
15
6.31031   22.2479
15.8821   18.2476
25.454   15.1491
42.4706   11.382
59.4871   9.09521
86.43   6.84409
113.373   5.52776
159.105   4.18758
204.837   3.36566
252.696   2.62299
300.555   1.99633
399.819   1.30339
499.082   1.20356
706.025   1.0264
929.654   0.268655
!
# ASCII file generated by KVIDZAGrid::WriteToAsciiFile
# ID Graph Name : ID_SI2_CSI_824
# This file can be read using KVIDZAGrid::ReadFromAsciiFile
# 
++KVIDZAGrid
<NAME> ID_SI2_CSI_824
<VARX> Q3.FPGAEnergy
<VARY> 1*Q2.FPGAEnergy
<PARAMETER> IDTelescopes=ID_SI2_CSI_824
<PARAMETER> Runlist=16000-44103
<PARAMETER> ManualWidth=0.400000
<PARAMETER> ManualWidthScaling=0.000000
+KVIDZALine
ID:Z=1 A=1
1	1
17
1.10224   28.943
6.73275   25.363
11.3812   22.8295
17.3793   20.0146
23.3774   17.8568
36.1239   14.4332
48.7205   12.089
70.2891   9.4775
91.8848   7.77679
131.246   5.89141
170.607   4.88225
223.553   3.95843
276.499   3.2602
355.221   2.44511
437.792   1.93094
577.253   1.41975
716.047   1.04687
+KVIDZALine
ID:Z=1 A=2
1	2
19
1.10224   39.3059
11.1737   32.3978
19.2297   28.1259
31.1573   23.6586
43.0851   20.6142
61.8141   17.0823
80.5433   14.5146
104.277   12.1689
128.012   10.51
164.138   8.74227
200.264   7.51988
256.613   6.08933
312.963   5.0631
377.182   4.27203
441.401   3.72665
529.975   3.13211
618.549   2.65425
794.152   1.95156
969.751   1.40808
+KVIDZALine
ID:Z=1 A=3
1	3
21
0.267344   46.2883
7.87792   41.1322
13.3146   37.8257
22.2391   33.3531
31.1637   29.8284
47.1668   25.143
63.1703   21.8338
88.6118   17.9367
114.054   15.1764
142.574   13.0177
171.094   11.477
211.065   9.81199
251.038   8.54634
296.172   7.47749
341.306   6.66461
408.708   5.70714
476.111   4.96518
602.868   3.96893
729.622   3.34626
928.141   2.65126
1133.59   2.17157
+KVIDZALine
ID:Z=2 A=3
2	3
23
1.36902   104.929
7.97869   96.5176
13.7956   90.5991
25.6948   81.1892
37.5946   74.2073
59.5441   64.2681
81.4944   57.0976
108.999   50.2693
136.768   45.0174
173.001   39.5336
209.236   35.2424
262.926   30.2324
317.409   26.7562
378.768   23.5588
441.451   21.1073
520.533   18.618
598.555   16.725
718.368   14.4824
836.592   12.7716
998.454   10.9676
1159.65   9.68505
1399.66   8.19781
1614.13   7.11886
+KVIDZALine
ID:Z=2 A=4
2	4
23
1.20334   118.411
8.57448   108.921
15.0286   102.251
28.1383   91.6319
41.2949   83.7594
65.4387   72.539
89.723   64.4426
120.223   56.7495
150.724   50.828
190.832   44.6349
230.94   39.7832
291.125   34.3461
351.311   30.3779
419.553   26.8146
487.794   23.9859
576.312   21.2027
664.832   19.1157
797.111   16.7029
929.393   14.8122
1106.12   12.7205
1282.84   11.0103
1560.55   8.96055
1838.26   7.50259
+KVIDZALine
ID:Z=2 A=6
2	6
23
1.48308   137.461
10.367   127.513
19.2512   118.979
35.0735   106.695
50.8966   97.2345
80.7401   84.1021
110.585   74.8101
147.406   65.7729
184.228   58.6286
233.974   51.4043
283.721   46.0439
357.084   39.8292
430.449   35.0748
515.689   30.9636
600.929   27.8485
709.744   24.617
818.56   22.0408
982.005   19.2172
1145.46   17.1952
1367.94   14.9609
1590.42   13.0999
1928.02   10.7652
2265.63   8.70963
+KVIDCutLine
OK:PEDESTAL
above
15
5.37513   21.8063
13.5279   17.8669
21.6809   14.8159
36.1752   11.1071
50.6697   8.85645
73.6194   6.64214
96.5694   5.34863
135.524   4.03382
174.478   3.22952
215.246   2.50353
256.011   1.89183
340.565   1.22082
425.118   1.13406
601.393   0.983666
791.881   0.263322
!
# ASCII file generated by KVIDZAGrid::WriteToAsciiFile
# ID Graph Name : ID_SI2_CSI_843
# This file can be read using KVIDZAGrid::ReadFromAsciiFile
# 
++KVIDZAGrid
<NAME> ID_SI2_CSI_843
<VARX> Q3.FPGAEnergy
<VARY> 1*Q2.FPGAEnergy
<PARAMETER> IDTelescopes=ID_SI2_CSI_843
<PARAMETER> Runlist=16000-44103
<PARAMETER> ManualWidth=0.400000
<PARAMETER> ManualWidthScaling=0.000000
+KVIDZALine
ID:Z=1 A=1
1	1
17
1.21846   6.56209
7.44343   5.7542
12.5825   5.18244
19.2137   4.54715
25.8447   4.0601
39.9359   3.28717
53.8612   2.75775
77.7045   2.16767
101.578   1.78304
145.089   1.35597
188.601   1.12658
247.13   0.915835
305.658   0.755991
392.681   0.568648
483.958   0.449025
638.125   0.327573
791.553   0.237353
+KVIDZALine
ID:Z=1 A=2
1	2
19
1.21846   8.91161
12.3533   7.35271
21.2597   6.38862
34.4459   5.38028
47.632   4.69293
68.3365   3.89534
89.0411   3.31522
115.279   2.785
141.516   2.40973
181.451   2.00933
221.386   1.73197
283.678   1.40675
345.969   1.17275
416.959   0.99146
487.95   0.865592
585.864   0.727564
683.777   0.615855
877.895   0.449592
1072.01   0.319246
+KVIDZALine
ID:Z=1 A=3
1	3
21
0.295535   10.4947
8.70967   9.33114
14.7203   8.58498
24.5867   7.57559
34.4531   6.78001
52.1446   5.72231
69.8362   4.97504
97.9608   4.09475
126.086   3.47091
157.614   2.98266
189.141   2.63384
233.328   2.25645
277.516   1.96918
327.409   1.72607
377.302   1.54071
451.812   1.32175
526.322   1.15141
666.443   0.921098
806.563   0.775067
1026.01   0.609573
1253.12   0.492348
+KVIDZALine
ID:Z=2 A=3
2	3
23
1.51339   23.7899
8.82269   21.8919
15.2549   20.5563
28.4116   18.4326
41.5684   16.8567
65.8353   14.6129
90.1021   12.9937
120.509   11.4514
151.207   10.2646
191.263   9.02503
231.318   8.05448
290.67   6.92057
350.898   6.13261
418.728   5.40709
488.02   4.84975
575.44   4.28279
661.689   3.85039
794.134   3.33628
924.823   2.94228
1103.75   2.52428
1281.94   2.22393
1547.26   1.87205
1784.34   1.61402
+KVIDZALine
ID:Z=2 A=4
2	4
23
1.33022   26.8467
9.48164   24.7052
16.6184   23.2001
31.1138   20.8035
45.66   19.0265
72.353   16.4936
99.2003   14.6654
132.919   12.9277
166.637   11.5898
210.976   10.1899
255.314   9.09262
321.845   7.86191
388.378   6.9626
463.815   6.15408
539.252   5.51132
637.104   4.87739
734.957   4.40058
881.182   3.84725
1027.41   3.41175
1222.76   2.92788
1418.12   2.53005
1725.11   2.04878
2032.1   1.70102
+KVIDZALine
ID:Z=2 A=6
2	6
23
1.63947   31.1657
11.4631   28.921
21.2867   26.9951
38.7809   24.223
56.2752   22.0875
89.2692   19.123
122.263   17.0248
162.969   14.9836
203.675   13.3695
258.669   11.7365
313.662   10.524
394.763   9.11732
475.864   8.04001
570.092   7.10708
664.32   6.39886
784.609   5.66287
904.897   5.07473
1085.58   4.42726
1266.26   3.96064
1512.2   3.44236
1758.14   3.0083
2131.33   2.46
2504.53   1.97469
+KVIDCutLine
OK:PEDESTAL
above
15
5.94193   4.94402
14.955   4.05506
23.9681   3.36649
39.9913   2.52935
56.0144   2.02117
81.3844   1.52092
106.755   1.2284
149.817   0.930581
192.879   0.74793
237.945   0.582891
283.009   0.443632
376.478   0.289645
469.947   0.267461
664.809   0.228091
875.384   0.0597016
!
# ASCII file generated by KVIDZAGrid::WriteToAsciiFile
# ID Graph Name : ID_SI2_CSI_913
# This file can be read using KVIDZAGrid::ReadFromAsciiFile
# 
++KVIDZAGrid
<NAME> ID_SI2_CSI_913
<VARX> Q3.FPGAEnergy
<VARY> 1*Q2.FPGAEnergy
<PARAMETER> IDTelescopes=ID_SI2_CSI_913
<PARAMETER> Runlist=16000-44103
<PARAMETER> ManualWidth=0.400000
<PARAMETER> ManualWidthScaling=0.000000
+KVIDZALine
ID:Z=1 A=1
1	1
17
1.25567   28.943
7.67069   25.3797
12.9667   22.8579
19.8003   20.0558
26.6338   17.9076
41.1552   14.4985
55.5057   12.1634
80.077   9.56079
104.679   7.86434
149.519   5.98069
194.359   4.96892
254.675   4.03942
314.991   3.3344
404.671   2.5081
498.735   1.98049
657.608   1.44481
815.721   1.04688
+KVIDZALine
ID:Z=1 A=2
1	2
19
1.25567   39.3059
12.7305   32.4301
21.9088   28.1779
35.4976   23.7305
49.0863   20.6988
70.423   17.1809
91.7597   14.6222
118.798   12.2836
145.837   10.6284
186.991   8.8624
228.146   7.63908
292.339   6.20467
356.532   5.17259
429.69   4.37297
502.848   3.81781
603.751   3.20902
704.654   2.71631
904.699   1.98299
1104.74   1.40808
+KVIDZALine
ID:Z=1 A=3
1	3
21
0.304558   46.2883
8.9756   41.1563
15.1697   37.8652
25.3374   33.4132
35.505   29.9042
53.7367   25.239
71.9684   21.9431
100.952   18.0605
129.936   15.3089
162.426   13.1554
194.916   11.6169
240.452   9.9524
285.989   8.68533
337.405   7.61306
388.821   6.79549
465.606   5.82975
542.391   5.07844
686.791   4.06263
831.189   3.41854
1057.34   2.68861
1291.38   2.17157
+KVIDZALine
ID:Z=2 A=3
2	3
23
1.55959   104.929
9.09206   96.5573
15.7206   90.6664
29.2791   81.2996
42.8375   74.3487
67.8453   64.4521
92.8531   57.3105
124.188   50.508
155.824   45.2736
197.102   39.8061
238.381   35.5254
299.545   30.5241
361.612   27.0487
431.513   23.8487
502.92   21.3905
593.01   18.8898
681.892   16.9827
818.381   14.7151
953.06   12.9773
1137.45   11.1337
1321.08   9.80896
1594.5   8.25694
1838.82   7.11886
+KVIDZALine
ID:Z=2 A=4
2	4
23
1.37084   118.411
9.77113   108.966
17.1258   102.327
32.0637   91.7566
47.0541   83.9191
74.5621   72.7471
102.229   64.6837
136.977   57.0195
171.725   51.1183
217.417   44.9439
263.109   40.1042
331.672   34.676
400.236   30.7095
477.977   27.1434
555.717   24.3084
656.556   21.5124
757.397   19.4094
908.087   16.9688
1058.78   15.048
1260.1   12.9138
1461.42   11.1591
1777.78   9.03643
2094.14   7.50259
+KVIDZALine
ID:Z=2 A=6
2	6
23
1.68952   137.461
11.8131   127.56
21.9366   119.065
39.965   106.839
57.9934   97.42
91.9948   84.3444
125.996   75.0901
167.945   66.0872
209.894   58.968
266.567   51.7655
323.239   46.4176
406.815   40.2132
490.393   35.4616
587.498   31.3467
684.603   28.223
808.564   24.9769
932.525   22.3828
1118.72   19.527
1304.92   17.469
1558.37   15.183
1811.82   13.2685
2196.41   10.8502
2581   8.70962
+KVIDCutLine
OK:PEDESTAL
above
15
6.12335   21.8063
15.4116   17.8854
24.6999   14.8484
41.2123   11.156
57.7247   8.91466
83.8693   6.70823
110.014   5.41803
154.391   4.10446
198.768   3.29885
245.21   2.57092
291.65   1.9567
387.973   1.27752
484.296   1.17967
685.107   1.00603
902.111   0.263322
!
# ASCII file generated by KVIDZAGrid::WriteToAsciiFile
# ID Graph Name : ID_SI2_CSI_921
# This file can be read using KVIDZAGrid::ReadFromAsciiFile
# 
++KVIDZAGrid
<NAME> ID_SI2_CSI_921
<VARX> Q3.FPGAEnergy
<VARY> 1*Q2.FPGAEnergy
<PARAMETER> IDTelescopes=ID_SI2_CSI_921
<PARAMETER> Runlist=16000-44103
<PARAMETER> ManualWidth=0.400000
<PARAMETER> ManualWidthScaling=0.000000
+KVIDZALine
ID:Z=1 A=1
1	1
17
1.34567   28.6529
8.22052   25.1253
13.896   22.6287
21.2195   19.8548
28.5429   17.7281
44.1051   14.3532
59.4843   12.0415
85.8168   9.46495
112.182   7.7855
160.237   5.92074
208.29   4.9191
272.929   3.99892
337.568   3.30098
433.677   2.48296
534.483   1.96063
704.743   1.43032
874.189   1.03638
+KVIDZALine
ID:Z=1 A=2
1	2
19
1.34567   38.9119
13.6431   32.105
23.4792   27.8954
38.042   23.4926
52.6048   20.4913
75.4708   17.0087
98.3368   14.4756
127.314   12.1605
156.29   10.5219
200.394   8.77356
244.498   7.5625
313.293   6.14248
382.088   5.12074
460.489   4.32913
538.891   3.77954
647.027   3.17685
755.162   2.68908
969.545   1.96311
1183.93   1.39396
+KVIDZALine
ID:Z=1 A=3
1	3
21
0.326388   45.8243
9.61896   40.7437
16.2571   37.4857
27.1535   33.0782
38.05   29.6044
57.5884   24.986
77.1269   21.7231
108.188   17.8794
139.249   15.1555
174.068   13.0236
208.887   11.5004
257.688   9.85263
306.488   8.59826
361.59   7.53674
416.691   6.72737
498.981   5.77131
581.269   5.02754
736.019   4.0219
890.767   3.38427
1133.13   2.66165
1383.95   2.1498
+KVIDZALine
ID:Z=2 A=3
2	3
23
1.67138   103.877
9.74376   95.5894
16.8474   89.7575
31.3777   80.4846
45.908   73.6034
72.7083   63.806
99.5086   56.736
133.09   50.0016
166.993   44.8198
211.23   39.4071
255.467   35.1692
321.015   30.2181
387.532   26.7775
462.442   23.6097
538.969   21.1761
635.515   18.7005
730.769   16.8124
877.04   14.5676
1021.37   12.8472
1218.99   11.0221
1415.77   9.71063
1708.79   8.17416
1970.63   7.0475
+KVIDZALine
ID:Z=2 A=4
2	4
23
1.4691   117.224
10.4715   107.873
18.3533   101.301
34.362   90.8367
50.4269   83.0779
79.9065   72.0179
109.557   64.0352
146.795   56.4479
184.033   50.6058
233.002   44.4934
281.969   39.7022
355.445   34.3284
428.923   30.4017
512.237   26.8713
595.549   24.0647
703.617   21.2968
811.685   19.2148
973.176   16.7987
1134.67   14.8972
1350.42   12.7844
1566.17   11.0473
1905.2   8.94585
2244.25   7.42738
+KVIDZALine
ID:Z=2 A=6
2	6
23
1.81062   136.083
12.6598   126.281
23.509   117.872
42.8296   105.768
62.1502   96.4435
98.5888   83.4989
135.027   74.3373
179.983   65.4247
224.938   58.3769
285.673   51.2466
346.408   45.9523
435.975   39.8101
525.544   35.1061
629.608   31.0325
733.674   27.9401
866.52   24.7265
999.367   22.1584
1198.91   19.3313
1398.45   17.2938
1670.08   15.0308
1941.68   13.1355
2353.84   10.7414
2766   8.62231
+KVIDCutLine
OK:PEDESTAL
above
15
6.56226   21.5877
16.5162   17.7061
26.4703   14.6995
44.1663   11.0442
61.8623   8.8253
89.8809   6.64098
117.9   5.36372
165.457   4.06331
213.015   3.26578
262.786   2.54515
312.555   1.93709
415.783   1.26471
519.01   1.16785
734.215   0.995943
966.773   0.260682
!
# ASCII file generated by KVIDZAGrid::WriteToAsciiFile
# ID Graph Name : ID_SI2_CSI_944
# This file can be read using KVIDZAGrid::ReadFromAsciiFile
# 
++KVIDZAGrid
<NAME> ID_SI2_CSI_944
<VARX> Q3.FPGAEnergy
<VARY> 1*Q2.FPGAEnergy
<PARAMETER> IDTelescopes=ID_SI2_CSI_944
<PARAMETER> Runlist=16000-44103
<PARAMETER> ManualWidth=0.400000
<PARAMETER> ManualWidthScaling=0.000000
+KVIDZALine
ID:Z=1 A=1
1	1
17
1.32014   29.8267
8.06459   26.1546
13.6325   23.5558
20.8171   20.6682
28.0015   18.4544
43.2685   14.9412
58.356   12.5348
84.189   9.8527
110.054   8.10445
157.197   6.16329
204.34   5.12063
267.753   4.16275
331.165   3.43621
425.451   2.58468
524.345   2.04096
691.376   1.48892
857.608   1.07884
+KVIDZALine
ID:Z=1 A=2
1	2
19
1.32014   40.506
13.3842   33.4203
23.0338   29.0382
37.3204   24.455
51.6069   21.3308
74.0392   17.7055
96.4716   15.0687
124.899   12.6587
153.325   10.9529
196.593   9.13299
239.861   7.87231
307.351   6.39412
374.84   5.33052
451.754   4.50648
528.67   3.93438
634.754   3.307
740.838   2.79925
951.155   2.04353
1161.47   1.45107
+KVIDZALine
ID:Z=1 A=3
1	3
21
0.320197   47.7016
9.4365   42.4129
15.9487   39.0213
26.6385   34.4334
37.3282   30.8172
56.4961   26.0096
75.664   22.6131
106.136   18.6119
136.608   15.7763
170.766   13.5571
204.925   11.9716
252.799   10.2563
300.675   8.95051
354.731   7.8455
408.788   7.00297
489.516   6.00775
570.243   5.2335
722.058   4.18667
873.871   3.52291
1111.63   2.77069
1357.69   2.23787
+KVIDZALine
ID:Z=2 A=3
2	3
23
1.63968   108.133
9.55894   99.5054
16.5279   93.4346
30.7826   83.7819
45.0372   76.6187
71.3292   66.42
97.6211   59.0603
130.565   52.0501
163.826   46.6559
207.224   41.0215
250.621   36.61
314.926   31.4561
380.181   27.8745
453.671   24.5769
528.746   22.0436
623.461   19.4666
716.907   17.5012
860.405   15.1644
1002   13.3736
1195.86   11.4736
1388.92   10.1085
1676.38   8.50904
1933.24   7.33621
+KVIDZALine
ID:Z=2 A=4
2	4
23
1.44123   122.027
10.2729   112.293
18.0052   105.452
33.7102   94.5581
49.4703   86.4814
78.3909   74.9683
107.479   66.6586
144.011   58.7605
180.543   52.679
228.582   46.3161
276.62   41.3287
348.704   35.7348
420.788   31.6471
502.521   27.9722
584.253   25.0506
690.27   22.1692
796.289   20.002
954.717   17.4869
1113.14   15.5075
1324.8   13.3081
1536.46   11.4998
1869.07   9.31233
2201.68   7.73166
+KVIDZALine
ID:Z=2 A=6
2	6
23
1.77628   141.658
12.4197   131.455
23.063   122.701
42.0172   110.101
60.9714   100.394
96.7188   86.9196
132.466   77.3827
176.569   68.105
220.672   60.7684
280.255   53.346
339.837   47.8348
427.706   41.441
515.575   36.5443
617.666   32.3038
719.758   29.0848
850.084   25.7395
980.411   23.0662
1176.17   20.1232
1371.93   18.0023
1638.4   15.6466
1904.85   13.6736
2309.19   11.1814
2713.53   8.97555
+KVIDCutLine
OK:PEDESTAL
above
15
6.43779   22.4721
16.203   18.4315
25.9682   15.3017
43.3285   11.4967
60.6889   9.18685
88.176   6.91305
115.663   5.58345
162.319   4.22977
208.975   3.39957
257.801   2.64942
306.627   2.01644
407.896   1.31653
509.165   1.21569
720.288   1.03674
948.435   0.271362
!
# ASCII file generated by KVIDZAGrid::WriteToAsciiFile
# ID Graph Name : ID_SI2_CSI_1124
# This file can be read using KVIDZAGrid::ReadFromAsciiFile
# 
++KVIDZAGrid
<NAME> ID_SI2_CSI_1124
<VARX> Q3.FPGAEnergy
<VARY> 1*Q2.FPGAEnergy
<PARAMETER> IDTelescopes=ID_SI2_CSI_1124
<PARAMETER> Runlist=16000-44103
<PARAMETER> ManualWidth=0.400000
<PARAMETER> ManualWidthScaling=0.000000
+KVIDZALine
ID:Z=1 A=1
1	1
17
1.34681   29.8267
8.2275   26.1546
13.9079   23.5558
21.2376   20.6682
28.5672   18.4544
44.1426   14.9412
59.5349   12.5348
85.8897   9.8527
112.278   8.10445
160.373   6.16329
208.468   5.12063
273.162   4.16275
337.855   3.43621
434.045   2.58468
534.937   2.04096
705.343   1.48892
874.933   1.07884
+KVIDZALine
ID:Z=1 A=2
1	2
19
1.34681   40.506
13.6546   33.4203
23.4992   29.0382
38.0744   24.455
52.6495   21.3308
75.5349   17.7055
98.4204   15.0687
127.422   12.6587
156.423   10.9529
200.565   9.13299
244.707   7.87231
313.56   6.39412
382.413   5.33052
460.881   4.50648
539.349   3.93438
647.577   3.307
755.804   2.79925
970.37   2.04353
1184.94   1.45107
+KVIDZALine
ID:Z=1 A=3
1	3
21
0.326665   47.7016
9.62713   42.4129
16.2709   39.0213
27.1766   34.4334
38.0823   30.8172
57.6374   26.0096
77.1925   22.6131
108.28   18.6119
139.368   15.7763
174.216   13.5571
209.065   11.9716
257.906   10.2563
306.749   8.95051
361.897   7.8455
417.046   7.00297
499.404   6.00775
581.763   5.2335
736.645   4.18667
891.525   3.52291
1134.09   2.77069
1385.12   2.23787
+KVIDZALine
ID:Z=2 A=3
2	3
23
1.6728   108.133
9.75205   99.5054
16.8618   93.4346
31.4044   83.7819
45.9471   76.6187
72.7702   66.42
99.5932   59.0603
133.203   52.0501
167.135   46.6559
211.41   41.0215
255.684   36.61
321.288   31.4561
387.861   27.8745
462.836   24.5769
539.427   22.0436
636.056   19.4666
731.39   17.5012
877.786   15.1644
1022.24   13.3736
1220.02   11.4736
1416.98   10.1085
1710.24   8.50904
1972.3   7.33621
+KVIDZALine
ID:Z=2 A=4
2	4
23
1.47034   122.027
10.4804   112.293
18.3689   105.452
34.3912   94.5581
50.4697   86.4814
79.9745   74.9683
109.65   66.6586
146.92   58.7605
184.19   52.679
233.199   46.3161
282.208   41.3287
355.748   35.7348
429.289   31.6471
512.673   27.9722
596.056   25.0506
704.215   22.1692
812.375   20.002
974.004   17.4869
1135.63   15.5075
1351.57   13.3081
1567.5   11.4998
1906.82   9.31233
2246.16   7.73166
+KVIDZALine
ID:Z=2 A=6
2	6
23
1.81216   141.658
12.6706   131.455
23.529   122.701
42.866   110.101
62.2031   100.394
98.6726   86.9196
135.142   77.3827
180.136   68.105
225.13   60.7684
285.917   53.346
346.702   47.8348
436.346   41.441
525.991   36.5443
630.144   32.3038
734.298   29.0848
867.257   25.7395
1000.22   23.0662
1199.93   20.1232
1399.65   18.0023
1671.5   15.6466
1943.34   13.6736
2355.84   11.1814
2768.35   8.97555
+KVIDCutLine
OK:PEDESTAL
above
15
6.56784   22.4721
16.5303   18.4315
26.4928   15.3017
44.2038   11.4967
61.9149   9.18685
89.9573   6.91305
118   5.58345
165.598   4.22977
213.196   3.39957
263.009   2.64942
312.821   2.01644
416.136   1.31653
519.45   1.21569
734.839   1.03674
967.594   0.271362
!
